[-1.63439051 -1.54286481]
[-1.47822734 -1.59813051]
[-1.80323241 -1.10610784]
[-1.59943556 -1.21800218]
[-1.62060319 -2.23698906]
[-1.49173001 -0.97223782]
[-1.37738902 -1.39332969]
[-1.50029315 -1.7224548 ]
[-1.39798279 -0.9563246 ]
[-2.2347827  -2.52160689]
[-2.48931663 -1.53921389]
[-0.96129289 -2.00856954]
[-1.43859789 -1.75880993]
[-1.88184394 -2.01819007]
[-1.46113018 -0.98027949]
[-0.61659332 -1.44208564]
[-1.69712334 -1.68315502]
[-1.20634574 -1.12598536]
[-1.15019894 -1.39869084]
[-1.09398915 -1.38747148]
[-1.44398486 -0.71830194]
[-1.09392954 -1.49646301]
[-0.81196531 -1.40125401]
[-1.06791894 -1.45195866]
[-1.85102264 -1.33033897]
[-1.14886021 -0.45695455]
[-1.15058793 -0.91922331]
[-1.44005087 -0.51008069]
[-1.06206507 -0.60119821]
[-1.24145509 -1.89124046]
[-0.89432069 -0.79988065]
[-1.31609031 -1.11087172]
[-1.4870717  -0.39391753]
[-1.52431972 -1.53065469]
[-0.55661798 -0.74413308]
[-1.43242166 -1.36288475]
[-1.01643909 -0.63856585]
[-2.32789224 -1.46356723]
[-1.14994507 -0.72519124]
[-0.90053083 -1.58556254]
[-0.78279624 -1.17132683]
[-0.43514056 -1.23349534]
[-1.66139241 -1.30480145]
[-0.77830097 -0.70910591]
[-0.79998311 -1.05819647]
[-0.9174179  -0.93481364]
[-0.08181376 -0.1489799 ]
[-0.98895861 -1.21641751]
[-0.90254673 -0.41517433]
[-0.24173869 -0.90315643]
[-0.51847018 -0.5702115 ]
[-0.86548977 -0.8553043 ]
[-0.75621736 -1.17583794]
[-0.67485623 -0.9170066 ]
[-1.20591436 -0.98719855]
[-0.71953178 -0.73011846]
[-0.19377791 -1.1770709 ]
[-0.71462902 -0.4725605 ]
[-1.46303733 -0.38741468]
[-0.97960344 -0.67387232]
[-1.1314802  -0.95315082]
[-0.74419586 -0.55828567]
[-0.72475067 -0.80605849]
[-0.29716393 -1.49852545]
[-0.03265466 -0.88233428]
[-1.07349603 -0.41408062]
[-0.37750286 -0.82573176]
[-0.49575003 -0.55880342]
[-0.68145039 -0.86926537]
[-0.13989579 -0.73569219]
[ 0.02307064 -0.49196427]
[-1.48033326 -1.24824865]
[-0.46605887 -0.41169077]
[-1.02874911 -2.16680335]
[-0.35025619 -0.29222646]
[-0.56704221 -0.57407761]
[-0.67724732 -0.01383142]
[-0.04264834  0.01366846]
[ 0.41056182  0.26904087]
[-0.17083349 -0.30648319]
[ 0.25390141 -0.462492  ]
[ 0.03709747  0.02489479]
[-1.09876809 -0.45346223]
[-0.76163452 -0.60623626]
[ 0.00108965 -0.99070318]
[ 0.57824147  0.0020258 ]
[-0.53471211 -0.0262658 ]
[-0.13819495 -0.50509904]
[ 0.16188603 -0.04237762]
[ 0.08301792  0.32040893]
[-0.44248963 -0.90493719]
[-0.02725683 -0.38310526]
[ 0.19907247 -0.50815298]
[ 0.12932728  0.55058439]
[-0.76060084 -0.53565429]
[ 0.07778858  0.12465299]
[-0.78951751  0.38145972]
[-0.52664199  0.37960897]
[ 0.16047037  0.42120253]
[-0.95390814  0.67800703]
[ 0.219445    0.63773224]
[-0.60041074  0.08036266]
[ 0.73030554  0.47561974]
[ 0.65346262  0.04224174]
[ 0.1180325   0.22240412]
[ 0.39095262  0.63317894]
[ 0.58076046 -0.3110531 ]
[ 0.54410964  0.29724399]
[ 0.57297561  0.23264133]
[ 0.29654505  0.69166534]
[-0.14495557 -0.17437343]
[ 0.3546061   0.33946272]
[ 0.36261418  0.12619864]
[ 0.14472082  0.49426226]
[ 0.80976199  0.37924792]
[ 0.57940817  0.77764088]
[ 0.21254607  0.10863199]
[ 0.60713135 -0.13112295]
[ 0.23664848  0.16502976]
[ 0.32020257  0.23483988]
[ 0.21303255  0.59693556]
[ 0.50583335  0.54153244]
[ 0.51255493  0.60838997]
[ 0.30069036  0.51744923]
[ 0.26942971  0.58856375]
[ 0.72563218  0.33556405]
[ 0.19195947  0.76349024]
[ 0.0681696   1.17220944]
[ 0.72938911  0.02082243]
[ 0.22623202  0.48112913]
[ 0.10814085  0.71716823]
[ 0.27943105  0.71700298]
[ 0.1437314   0.32343173]
[ 1.21110985  1.58410498]
[ 0.20405083  0.43802265]
[ 0.2242258   0.78947466]
[ 0.40750697  0.62875535]
[ 0.36820724  0.96598896]
[ 0.83337167  0.3437916 ]
[ 0.35744421  0.66168998]
[-0.02580707  1.13573635]
[ 0.93516516 -0.09210508]
[ 0.33702645  0.10245118]
[ 0.56620648  0.46208008]
[ 0.01876839  0.90775624]
[ 0.89495282  1.25224315]
[ 0.63827393  0.21321605]
[ 1.14525489  0.03793345]
[-0.09843789  1.01333422]
[ 1.19921615  0.06697599]
[ 1.31824761 -0.16965694]
[-0.00749684  0.73273739]
[-0.03866176  0.23547733]
[ 0.5832914  0.7123296]
[ 0.40947086  0.69210089]
[ 0.32680705  1.26331542]
[-0.2660679  0.5417105]
[ 0.55178766  0.04800085]
[ 0.4132145   1.68818488]
[ 0.71467114 -0.03034874]
[ 0.24805162  1.19789003]
[ 0.93387812  0.9584119 ]
[ 1.05733643  1.4150443 ]
[ 0.80021622  0.66205974]
[ 1.70954852  1.24005926]
[ 0.77379233  0.56947681]
[ 0.64454738  0.59419876]
[ 1.312328    0.50185039]
[ 0.71091109  1.32522729]
[ 1.31792397  0.63136027]
[ 1.40819669  0.88374664]
[ 0.84829738  0.91568348]
[ 0.54984568  0.32543593]
[ 0.99298333  1.20603538]
[ 0.48468034  0.48765111]
[ 1.22665179  1.50254312]
[ 1.72984199  0.94134713]
[ 0.95952732  0.51879985]
[ 1.01944376  1.52198831]
[ 1.36192289  1.37529135]
[ 1.0078377   1.52131531]
[ 0.77514239  1.00312115]
[ 1.08811228  0.99971685]
[ 1.17103391  1.42100503]
[ 1.44424712  1.03917912]
[ 1.03784172  0.7127666 ]
[ 1.52412597  1.71047665]
[ 1.21136167  1.18695224]
[ 1.14370259  1.46331497]
[ 1.2313997   1.60555735]
[ 1.77650584  0.77535175]
[ 1.33459398  2.39180558]
[ 1.79835769  0.58405312]
[ 1.27380688  0.88410236]
[ 1.53510103  0.90294158]
[ 1.54197535  1.11665388]
[ 1.60065805  1.94202378]
[ 1.18809206  1.01722437]
[ 1.29663164  1.48481514]
[ 1.32854198  1.05202216]
[ 1.45518388  1.54117837]
[ 1.29499379  0.88000863]
[ 1.82987902  1.39539572]
[ 1.17192233  1.75859383]
[ 1.27671569  0.07931828]
[ 1.03662257  1.20952071]
[ 1.97941685  1.58633919]
[ 1.22989591  0.56284204]
[ 1.33512683  1.91019223]
[ 1.63967364  1.20225745]
