[-1.38201004 -1.43671562]
[-1.40570701 -2.40725849]
[-1.73082948 -2.23537458]
[-1.66386673 -0.93031449]
[-1.54887854 -0.83331952]
[-1.57954002 -0.26398482]
[-1.14515617 -1.84806979]
[-1.56807744 -1.81699525]
[-2.03987634 -2.06310883]
[-1.30588186 -1.76822157]
[-1.09695678 -2.37617435]
[-2.09362862 -1.11862139]
[-1.08938716 -0.84766935]
[-0.77825191 -1.71320466]
[-2.00830865 -1.52732469]
[-1.5176424  -1.62852972]
[-1.90409497 -1.73976282]
[-0.65704432 -0.97601004]
[-1.37282005 -1.67628398]
[-1.35002427 -1.46984867]
[-0.84151056 -1.67417861]
[-0.98168235 -1.02913797]
[-1.82967016 -1.36075391]
[-0.82530734 -1.12963049]
[-1.67110854 -1.43704232]
[-0.6720368  -0.66389846]
[-0.80428071 -0.81068644]
[-1.77190363 -0.48886837]
[-1.15757659 -1.03952097]
[-1.15230586 -0.8349527 ]
[-0.91026741 -0.88131345]
[-0.47269267 -1.74213721]
[-1.45785577 -1.12426817]
[-1.38221528 -1.23742732]
[-1.66617859 -1.19638943]
[-1.29134968 -0.55628244]
[-0.67336244 -0.17526583]
[-0.83715605 -1.03886285]
[-1.25566269 -0.47339263]
[-1.12254994 -0.72439791]
[-1.18284341 -0.66846299]
[-0.98769217 -0.80844241]
[-0.70446318 -0.87382057]
[-1.02936168 -0.97623944]
[-1.00932634 -1.2001628 ]
[-1.00729563 -0.9801022 ]
[-0.84659686 -1.15942869]
[-0.33319626 -0.85567641]
[-0.69012253 -1.45977188]
[-1.79074995 -1.12247785]
[-0.58135466 -0.62156031]
[ 0.10617877 -1.27838131]
[-0.72868569 -0.54272925]
[-0.16476632 -0.62682194]
[-0.28142604 -0.14031077]
[-0.89392107 -0.25529464]
[-0.79769864 -0.59537788]
[-0.1542814  -0.75759207]
[-0.79140669 -0.9863632 ]
[-0.6739735   0.03621012]
[-0.58515591 -1.06247145]
[-0.8048751  -0.85006018]
[-1.17213941 -0.89138167]
[-1.05424241 -0.57850551]
[-0.51512772 -0.92956346]
[-0.83454317 -1.84186229]
[-0.20882142 -0.76787682]
[-1.01599079 -0.39276823]
[-0.9388733  -0.52062501]
[-0.53636019 -0.64511488]
[-0.99205806 -0.50135627]
[-1.20304451 -0.84693458]
[-0.17055303 -0.83937561]
[-0.27527956  0.30823581]
[-1.23657263 -0.14611431]
[ 0.34356266 -1.09219353]
[-0.82225152 -0.47033174]
[-0.53039482 -0.40449464]
[-0.57433863 -0.84073483]
[-0.12600211 -0.41264584]
[-1.07630519  0.16792882]
[-0.66276355 -0.54928656]
[-0.22680031 -0.774604  ]
[-0.00939636 -0.95549641]
[-0.38285025 -0.40858323]
[-0.43006718 -0.06940106]
[-0.18102696 -0.21398266]
[-0.34017004  0.57466012]
[ 0.01316713  0.1152036 ]
[-0.70482401 -0.82765016]
[ 0.01694219 -0.4783786 ]
[-0.09121383  0.46873364]
[ 0.03083446 -0.17132524]
[-0.70676029 -0.04460379]
[ 0.24516706 -0.51526571]
[-0.79424848 -0.82781741]
[-0.12299109 -0.62151849]
[-0.71660146  0.59755444]
[-0.60138058 -0.19239786]
[-0.09534994 -0.35200279]
[-0.3335395  -0.58505229]
[ 0.21930073  0.193595  ]
[ 0.53666901  1.10681793]
[ 0.12524732 -0.43063889]
[ 0.87591243  0.24175814]
[ 1.0995191   0.38365579]
[-0.13888439 -0.40161621]
[ 0.36132483 -0.20414233]
[-0.00409853  0.04141995]
[ 0.56571222  0.1627649 ]
[-0.4886049  -0.05170467]
[-0.69635785  0.01660977]
[-0.33776495  0.25565382]
[-0.01262155  0.1925542 ]
[ 0.17885197 -0.06742678]
[ 0.27302606  0.49577714]
[ 0.70006013 -0.0079332 ]
[ 0.07944184 -0.48554241]
[-0.14352851  0.74392267]
[-1.03641602  0.77650227]
[ 0.32397096  0.38301187]
[-0.69679783 -0.04705027]
[ 0.56104879  0.45837712]
[ 0.41775979 -0.48736225]
[ 0.88175736  0.07968634]
[-0.15052711 -0.32328581]
[ 0.17657379 -0.44361922]
[-0.06264044  0.22304372]
[-0.06452322  0.58208054]
[ 0.51476812  0.32932044]
[ 0.16091569  0.01878664]
[ 0.29121763 -0.09167695]
[ 0.61962842  0.60117265]
[ 0.11800441  0.26823872]
[ 0.4768919   0.91649549]
[ 0.98870785  0.097578  ]
[ 1.05296823  1.27063569]
[-0.01322289  0.85355076]
[ 0.23461145  0.5626118 ]
[ 0.38005032  0.20692086]
[-0.00439169  0.52067738]
[ 0.83179246  0.61976747]
[ 0.36438517  0.52804084]
[ 0.36959298  0.56061099]
[ 0.45258626  0.60846545]
[ 1.04596152  1.42833443]
[ 1.07173118  0.74456856]
[ 0.47108338  0.18695359]
[ 0.48416209  0.16882109]
[ 0.87061165  0.55838806]
[ 0.18872026  0.67766947]
[ 0.54464788  1.27742221]
[ 0.20417512  0.657514  ]
[ 0.7397055   0.43256642]
[ 0.38071098  1.18317031]
[ 0.75071047  0.51008844]
[ 0.09429506  0.64097755]
[ 1.12526759  0.41203918]
[ 0.96610173  0.15193963]
[ 0.85573974  0.4624101 ]
[-0.07356786  0.25581826]
[-0.12976167  0.93762812]
[ 0.24497317  1.07397669]
[ 0.72684872  1.26184521]
[ 0.83648061  0.36713279]
[ 0.60990449  0.95716754]
[ 0.58480797  1.24642288]
[ 0.72098483  1.04640725]
[ 0.83350112  1.00693826]
[ 1.33359663  0.39136605]
[ 0.8756311   0.85429484]
[ 1.01995611  1.00875031]
[ 1.55715243  1.02269941]
[ 1.3605054   0.63866123]
[ 0.9839224  1.8707339]
[ 0.97814506  0.93980959]
[ 1.39058504  1.29133247]
[ 1.28711423  1.40248995]
[ 1.28829071  0.74153216]
[ 1.66674622  0.12242407]
[ 0.8694429   0.62070996]
[ 1.59166114  0.57700758]
[ 0.86723787  1.20884224]
[ 0.75488569  0.4807626 ]
[ 1.53841039  1.25492495]
[ 0.76027799  1.15174545]
[ 1.4202838   1.41632796]
[ 1.64092488  1.49728825]
[ 1.4323398   1.78747648]
[ 1.55629181  1.14872102]
[ 1.29435636  0.64188062]
[ 1.95201614  1.1726954 ]
[ 1.29529885  1.81107676]
[ 2.04271203  1.37598812]
[ 1.44146165  1.31698026]
[ 1.16833135  1.88484086]
[ 1.11235536  2.14492237]
[ 1.44524232  1.0690309 ]
[ 1.50392381  1.01889368]
[ 1.61745203  0.59110998]
[ 1.1697792   2.19316635]
[ 1.79455214  1.67882325]
[ 1.25020165  1.26408412]
[ 1.19360345  1.65331324]
[ 1.43261409  1.35808112]
[ 1.63491726  1.27220444]
[ 1.02948783  1.88763865]
[ 1.40078946  0.12033443]
[ 1.63440047  1.4793928 ]
[ 1.46563349  1.70314219]
[ 1.43819159  1.20996753]
[ 1.50318281  1.1106449 ]
[ 0.99546091  1.42903922]
[ 1.43902514  1.28211396]
[ 1.41329662  0.99903693]
[ 0.60947836  1.55685935]
