[-1.59637922 -1.54152603]
[-1.12891261 -1.74363679]
[-1.38581067 -1.12039847]
[-1.31226317 -1.05911776]
[-1.1645134  -1.70358511]
[-1.72105706 -1.48614022]
[-1.63130968 -1.48900619]
[-1.0829583  -1.51682137]
[-1.44679907 -1.06995303]
[-1.36754417 -1.95820732]
[-1.26573747 -1.59344554]
[-2.17574029 -1.88906525]
[-1.41477746 -1.3610206 ]
[-1.30630795 -2.34750309]
[-1.97350067 -0.9453936 ]
[-1.17983791 -1.11907047]
[-0.89966332 -1.54462321]
[-0.93722357 -0.82884399]
[-1.08460744 -1.25732732]
[-0.99254418 -1.36048903]
[-1.56940048 -1.20272071]
[-1.72220033 -1.11200999]
[-1.49732021 -0.80396414]
[-0.74650863 -1.60684096]
[-1.25505258 -1.89487254]
[-1.00960467 -1.24627155]
[-1.08445992 -0.99401672]
[-0.62763196 -1.49337077]
[-1.36381489 -0.83120088]
[-1.03727032 -1.27296087]
[-0.95098922 -1.38210398]
[-1.06917759 -0.40955172]
[-0.3157001  -0.46507933]
[-0.67738889 -1.41670958]
[-1.27731865 -1.62804261]
[-1.01114012 -0.78036492]
[-1.01881107 -1.48840205]
[-0.5130393  -1.41000173]
[-0.76329661 -0.69661491]
[-0.55309591 -0.37705264]
[-1.01150298 -0.0150453 ]
[-0.41042392 -0.8608493 ]
[-0.7827608  -1.28054328]
[-0.38566423 -0.19169641]
[-1.40191371 -0.82819947]
[-0.76445081 -0.40443651]
[-1.43235058 -1.20709182]
[-0.0339154  -0.73856527]
[-0.7921392  -0.59803155]
[-0.02346739 -1.02518549]
[-1.40059905 -0.38903088]
[-1.42941733 -0.06131259]
[-0.9195466  -0.97917801]
[-0.91792153 -0.08631125]
[-1.40411388 -0.89982951]
[-0.65109341 -0.97798795]
[-1.33300528 -0.59372504]
[-0.247223   -0.89804998]
[-1.03357354 -0.84346529]
[-1.24838569 -0.34720251]
[-0.99503035 -0.65406905]
[-0.85386559 -0.42564611]
[-0.6317222 -0.6424639]
[-0.55285207 -0.78503588]
[-0.10157388 -0.46513883]
[-0.93334719 -0.71002526]
[-0.29918623 -0.22671308]
[-1.14207673 -0.37191191]
[-0.93890644 -0.77804802]
[-0.11083765 -0.59447049]
[-0.51282197 -0.72725233]
[-0.5166569  -0.93381444]
[-0.3467553  -0.27415935]
[-0.04425098 -0.50796371]
[-0.06677258  0.39472626]
[-0.13485634 -0.70342001]
[-1.31688553 -0.40400589]
[-0.77778614 -0.49981615]
[-0.45925375 -0.56863451]
[-0.18963627 -0.76743792]
[-0.36070286 -0.05005494]
[-0.47706704  0.15346595]
[-0.48043092 -0.1893227 ]
[-0.69552126  0.39535327]
[ 0.31567087 -0.51170499]
[ 0.06978601  0.14829622]
[-0.57389597  0.17954553]
[ 0.6329754  -0.02052328]
[ 0.06021422 -0.13955347]
[ 0.24436164 -0.12805916]
[ 0.41861759 -0.54792078]
[-0.11898877  0.83710704]
[-0.61043623  0.40848533]
[ 0.44361839  0.16631625]
[ 0.22909893  0.98850794]
[ 0.38086539  0.29831197]
[-0.06553125  0.01374304]
[ 0.23895185 -0.21526063]
[ 0.50711822 -0.22681458]
[-0.08340451  0.01895921]
[-0.54397627 -0.11728815]
[-0.15924349  0.5235187 ]
[ 0.12371884  0.00291547]
[-0.0403354  0.2749927]
[ 0.40003942  0.19977995]
[ 0.03440379  0.29103684]
[ 0.96154675  0.74407761]
[ 0.3993867  -0.45134355]
[ 0.09976666  0.59140032]
[ 0.8749539   0.15910429]
[ 0.96573945 -0.06095661]
[-0.00458541  0.02994118]
[ 0.48632732  0.57075178]
[ 0.77454834  0.49839824]
[ 0.60162063  0.59772933]
[ 0.35322551  1.03381196]
[ 0.78601472  0.6121454 ]
[ 0.54289396  0.20600077]
[-0.21181231  0.21513831]
[ 0.2537833   0.67962605]
[ 0.80743049  0.71318481]
[ 0.50186794  0.86807752]
[ 0.9177316   0.33201272]
[ 0.25548741  0.29951687]
[ 0.45340608  0.88268887]
[ 0.61608556  0.35879144]
[ 0.11724922  0.86793535]
[ 0.21616238  0.68957392]
[ 0.69931257  0.72406742]
[ 0.53407204  0.54427084]
[ 0.85916133  0.11687304]
[ 0.41407429 -0.60151281]
[ 0.36398281  1.25735535]
[ 0.85749277  0.17583946]
[ 0.87445212  0.75959271]
[ 1.13866493  0.65190982]
[ 0.51663224  0.1633451 ]
[ 1.35135026  0.41999451]
[ 0.50331875  0.85603994]
[-0.18849483  0.61665195]
[ 0.11552157  0.83875115]
[ 0.61033245  0.60555303]
[ 1.26097262  0.72527137]
[ 0.14051632  0.33906569]
[ 0.90286862  0.99320734]
[ 1.58701464  1.02791245]
[ 1.25435255  1.79011271]
[ 0.92969135  1.31255681]
[ 0.99792595  0.9134361 ]
[ 1.12616962  0.87258995]
[ 1.03839676  0.32805149]
[ 0.98710379  0.61511217]
[ 1.11409126  0.49371901]
[ 1.65192798  0.54252626]
[ 0.36218765  0.84612208]
[ 1.6362025   1.48539421]
[ 1.31940993  1.4156629 ]
[ 1.26030588  1.70074958]
[ 1.64266149  2.3021626 ]
[ 0.8257975   1.02531097]
[ 1.91577049  0.99916272]
[ 1.72510859  0.93777389]
[ 0.73057785  1.59112702]
[ 0.64908623  1.60352961]
[ 1.25556037  1.06563556]
[ 0.98083703  1.93760312]
[ 1.80443389  1.10121674]
[ 0.91452245  1.62104289]
[ 1.38160364  1.43489346]
[ 0.99868762  1.59868198]
[ 0.94103645  1.41704999]
[ 1.3449956   0.81630109]
[ 1.44763523  1.12169201]
[ 1.83649501  1.45243976]
[ 1.42448049  0.30557359]
[ 1.30313966  1.60902615]
[ 0.80785245  0.71828237]
[ 0.95016446  1.77567942]
[ 2.13331178  1.75981302]
[ 1.49869417  1.0429757 ]
[ 1.79871283  0.9458858 ]
[ 1.32770675  1.84521296]
[ 1.32291641  2.00486195]
[ 1.90888256  1.32920572]
[ 1.30660114  1.31147026]
[ 1.18121017  1.27863115]
[ 1.44302175  1.64446254]
