[-1.55984885 -1.66064694]
[-1.17719874 -1.6525671 ]
[-1.83527278 -1.52519256]
[-1.7038728  -2.03390498]
[-1.10641946 -1.72951085]
[-1.63141869 -2.06068486]
[-1.48466583 -1.27816848]
[-1.50553193 -1.06178853]
[-1.53770093 -1.79888224]
[-0.69280539 -2.19832454]
[-1.48762353 -2.19752981]
[-2.23624726 -1.99669478]
[-2.34471863 -2.28717049]
[-1.15125508 -1.22633054]
[-1.01439448 -1.08039049]
[-1.2312391  -1.40036328]
[-1.79431401 -1.15906742]
[-1.70630792 -1.82698594]
[-0.88080044 -1.23571738]
[-0.50150805 -0.92548543]
[-1.71786942 -1.45677868]
[-1.41109736 -1.32018025]
[-1.84268175 -1.36911705]
[-1.60832933 -1.15015466]
[-1.78366827 -1.15900576]
[-0.97844155 -1.33219819]
[-1.75510845 -0.6658787 ]
[-1.4681518  -1.28343422]
[-0.71179755 -0.15043071]
[-0.97012663 -1.14047616]
[-1.17757109 -0.32324118]
[-1.05825949 -0.49043266]
[-1.94794843 -1.46448745]
[-1.33108814 -1.79612581]
[-0.74266132 -0.79201415]
[-0.37924647 -1.67189317]
[-1.32938483 -0.39537643]
[-0.45375433 -0.23750056]
[-0.31686425 -0.0148935 ]
[-1.10765637 -1.05512345]
[-0.15417777 -0.22168311]
[-0.71481215 -0.57246052]
[-0.79821801 -0.25366459]
[-1.18699275 -0.56865297]
[-0.76440053 -1.37468466]
[-0.37910868 -0.76395285]
[-0.75800133 -0.70010842]
[ 0.1211616  -1.22474285]
[-1.07483803 -0.05356974]
[-0.75390658 -0.57394537]
[-0.38891729 -0.69531005]
[-0.82290532 -1.16117361]
[-1.25921069 -0.49196444]
[-0.77811998 -0.63218896]
[-0.35881477 -0.8555606 ]
[-0.71421533 -0.83867938]
[-0.64617146 -1.2434538 ]
[-0.89858735 -1.01884784]
[-1.10753058 -1.04314734]
[-0.56794629 -0.70700453]
[-0.75650823 -0.07916761]
[-0.80855434 -1.04292318]
[-0.45977559 -0.09255984]
[-0.20918409 -1.18502248]
[ 0.48780521 -1.25530641]
[-0.81702757 -0.7514339 ]
[-0.861649   -0.67006911]
[-0.6363266  -0.55256175]
[-1.43871908 -0.25502017]
[-1.18031976 -1.01282839]
[-0.33406756 -0.35769775]
[ 0.06433145 -0.26050704]
[-0.65208004 -0.44095976]
[-0.1767162 -0.3559358]
[-0.87555959 -0.76406036]
[-0.2196645  -0.32927736]
[-0.67547764 -0.08249025]
[-0.30089558  0.34660884]
[-0.54279559 -0.98164576]
[ 0.57005991 -0.77809273]
[-0.13346058  0.07599884]
[-0.23476971 -0.72028622]
[-0.44394899 -0.52126283]
[-0.64309173 -0.53879601]
[-0.63764958  0.10689017]
[ 0.0745262   0.07661864]
[-0.48842246 -0.14912154]
[-0.23849308  0.41395289]
[-0.27892596  0.2586781 ]
[ 0.94168427  1.0525206 ]
[ 0.07870783 -0.17496774]
[-0.20793016  0.03020605]
[ 0.50633641  0.05530098]
[ 0.25462138  0.3495617 ]
[-0.03405587 -0.86554683]
[ 0.17329798  0.99157569]
[ 0.04078457  0.00709247]
[ 0.29093494 -0.00831183]
[-0.50409863 -0.16845434]
[ 0.25256631  0.58000352]
[ 0.07442934 -0.10818449]
[-0.12644494  0.31921845]
[-0.10628218 -0.18043316]
[ 0.38905479  0.06214209]
[ 0.4170659  -0.04459327]
[-0.42754984 -0.05326991]
[ 0.19508741  0.07835295]
[ 0.26189402  0.5465821 ]
[ 0.44326786  0.7249993 ]
[ 0.79047546 -0.55539144]
[ 0.50631242  0.95805307]
[ 0.48311996  0.51093504]
[ 0.28539742  0.4037621 ]
[ 0.9409809  -0.58293685]
[-0.06643409  0.47466728]
[ 1.14031949  0.44588661]
[ 0.67427678  0.60002533]
[ 0.14310361  0.79852682]
[-0.10258974  0.29082425]
[ 0.45202046  0.25936388]
[ 0.11786682  0.39271818]
[ 0.66064203  0.40535704]
[ 0.38298362  0.69732325]
[ 0.78472538  0.67697332]
[-0.03932567  0.74655405]
[ 0.70728917  0.26711789]
[ 0.83957052  0.94238951]
[-0.24983775  1.09968723]
[-0.37834086  0.60941644]
[ 0.1451383   0.73973552]
[-0.00031935  0.13852669]
[ 0.85897257 -0.01767653]
[ 0.23695013  0.67349035]
[ 0.13844379  0.57773646]
[ 0.56914442  0.32580926]
[ 0.77174335  0.43761599]
[ 0.86908049  0.01428653]
[-0.25762009  0.7718175 ]
[ 0.40566424  0.65224221]
[ 0.50122186  0.66212057]
[ 0.63077683  0.3144583 ]
[ 0.3115727  -0.23747012]
[-0.0387759   0.83045054]
[ 1.30090972  0.1125027 ]
[-0.04654219  0.43056144]
[-0.02268177  0.02298487]
[ 0.61950164  0.75569857]
[ 0.67326923  0.60232148]
[ 0.71934425  1.1126534 ]
[ 0.89171373  0.94525143]
[ 1.23385257  0.49899648]
[ 0.94152336  0.78729254]
[ 1.16104496  0.63558724]
[ 0.17390544  0.62057262]
[ 0.8455537   1.19783262]
[ 1.66584572  0.74855225]
[ 0.79318145  1.18728459]
[ 0.98742282  1.16784225]
[ 1.35383232  0.31463717]
[ 1.39074412  1.75339079]
[ 0.5560412   0.76343163]
[ 1.02064372  0.84321612]
[ 1.04318419  0.58115084]
[ 1.60202428  0.64914714]
[ 1.28283386  1.27621134]
[ 0.93991643  0.49739841]
[ 1.1339701   1.13503558]
[ 1.30030749  1.37956783]
[ 1.46635055  1.95169188]
[ 1.54085889  1.7872375 ]
[ 0.80769429  0.73803692]
[ 0.55939453  1.12005336]
[ 1.35024359  0.93947907]
[ 1.42783128  1.33893555]
[ 1.23555644  1.34312673]
[ 1.15120627  1.36150667]
[ 1.52447335  1.83554705]
[ 0.66819103  1.31748275]
[ 1.14009245  0.9930835 ]
[ 1.83179114  2.06257955]
[ 1.75565439  1.75517269]
[ 1.88998353  1.07001074]
[ 1.4298022   0.70170272]
[ 1.27691338  1.2634035 ]
[ 0.99165397  1.76467296]
[ 0.90719489  1.49505983]
[ 1.46222917  2.04012183]
[ 1.00629439  1.45896782]
[ 1.56012527  1.51994722]
[ 1.27593994  1.06627557]
[ 1.07561397  0.62076162]
[ 1.81977237  1.12795374]
[ 1.49692442  1.34524551]
[ 1.73350129  1.35168345]
[ 1.3782986   1.31251921]
[ 1.14182276  0.86345726]
[ 1.74165035  1.16924245]
[ 1.19160262  1.24495317]
