[-1.60510763 -1.63888675]
[-1.30583779 -1.24055277]
[-1.27822963 -1.52075934]
[-1.80782115 -1.89969886]
[-1.83671673 -1.81385956]
[-2.25410107 -2.03352969]
[-1.48065333 -0.95901381]
[-1.6123075  -1.49663086]
[-1.01692851 -1.67093204]
[-1.82780944 -1.57206475]
[-1.91625588 -0.86623232]
[-1.84003837 -1.51699229]
[-1.16422935 -1.19251236]
[-1.41603352 -1.2159408 ]
[-2.09546612 -1.21447101]
[-0.82305405 -1.13940399]
[-1.30299702 -1.00133234]
[-0.3954945  -0.62873229]
[-0.66776179 -0.41603665]
[-1.1165944  -0.84714438]
[-0.84898892 -0.795631  ]
[-1.58629184 -0.95595472]
[-2.09079978 -1.57682298]
[-1.74223937 -0.51233842]
[-0.88485178 -1.48374608]
[-1.56762561 -1.37472346]
[-1.58684455 -1.81661292]
[-1.01243135 -1.49016785]
[-1.70335058 -2.14756369]
[-0.46713984 -1.39971378]
[-0.72662578 -0.05457888]
[-1.506919   -1.97411702]
[-1.01760282 -0.87069004]
[-1.29199913 -1.65328469]
[-1.49518603 -1.16139311]
[-0.47992386 -1.43919133]
[-1.15572361 -1.11262358]
[-0.72335108 -0.74613798]
[-0.45301791 -0.79203931]
[-0.35430343 -0.22009218]
[-0.28652933 -0.29190595]
[-0.46220472 -1.46851172]
[ 0.44285071 -0.65951096]
[-0.53303019 -0.85023063]
[-0.65020465 -0.1520909 ]
[-0.39478055 -0.93841126]
[-0.60280133 -0.95768982]
[-0.63118842 -0.54715815]
[-0.1468839  -1.14374265]
[-0.84392958 -1.36210349]
[-0.63116191 -1.75115503]
[-0.3780809  -0.46063719]
[-0.51871211 -0.73017587]
[-0.3261339  -0.09327942]
[-1.61957632 -0.95241773]
[-1.07340788 -0.00636114]
[-0.19073729  0.17456997]
[-0.37973959 -0.81643134]
[-0.83365798 -0.84864686]
[-0.87774502 -0.67378258]
[-0.71180167 -1.04121567]
[-0.61237949 -0.68635368]
[-0.4470311  -1.23967099]
[-1.06962094 -0.11827067]
[-0.39849039 -0.89558987]
[-0.27707376 -0.61528628]
[-0.9079668  -1.22067731]
[-0.24060587 -1.4374842 ]
[-0.53872095 -0.53168633]
[-0.86283152 -1.06517715]
[-1.13854752 -0.54195733]
[-0.2824728  -0.29976359]
[ 0.23883774 -0.09851154]
[-0.42002201 -0.03283414]
[ 0.01664503 -0.11019077]
[ 0.02619358 -0.11286183]
[ 0.06731539 -0.45297759]
[-0.70629182  0.61388042]
[-0.77341057 -1.44872675]
[-0.56603486  0.48252994]
[-0.46604997 -0.14323943]
[-0.29306928 -0.15168686]
[-0.57945952 -0.02967866]
[-0.56395139 -0.173049  ]
[-0.72137767 -0.12745449]
[-0.24425891  0.02797152]
[-0.44264284 -0.57029502]
[-0.62526479  0.36512584]
[-0.09727263 -0.39764238]
[-0.26080327 -0.07379196]
[-0.53682001 -0.19592288]
[-0.92776269 -1.00083075]
[ 0.15840547  0.1466108 ]
[ 0.56422948  0.3216258 ]
[ 0.48795513  0.29512234]
[ 0.60723085  0.4515567 ]
[-0.94290759  0.2602841 ]
[ 0.22824927 -0.05551888]
[-0.09823506 -0.12626841]
[ 0.7044473   0.19809002]
[-0.22143987 -0.29801875]
[ 1.1620006   0.59511036]
[-0.02119583  0.42658262]
[ 0.29322777  0.12637135]
[ 0.12212789 -0.23260809]
[ 0.45181949  0.22340302]
[-0.54768775  0.22001162]
[-0.70066718  0.81826163]
[-0.08320149 -0.05685966]
[-0.06153695 -0.07283735]
[ 0.9155311   0.43710568]
[ 0.22726031 -0.0092582 ]
[ 0.6523602   0.34581237]
[-0.44905349 -0.00359047]
[ 0.136531    0.05115129]
[ 0.43092165 -0.13266119]
[-0.22897412  0.29481658]
[-0.24276562  0.32322396]
[-0.00316844  0.1643846 ]
[-0.04400631  0.26525951]
[ 0.44338539  0.75990969]
[ 0.59928375  0.59298518]
[ 0.52140978  1.34272462]
[ 0.31831722  0.97400284]
[ 0.52409224  0.10870227]
[ 0.7266307 -0.2060942]
[-0.08880926  0.92421753]
[ 0.39180108  1.18538495]
[ 0.36362583  0.67902771]
[ 0.43414559 -0.34502687]
[ 0.50606584  0.31914749]
[ 0.46529913  1.41392129]
[ 0.87344288  1.10742337]
[ 0.06171409  0.94713287]
[ 0.63536462  0.95741661]
[ 0.57738958  0.64420757]
[ 1.01411837 -0.22836102]
[-0.03542798  0.20509429]
[ 0.24374035  0.89223509]
[ 0.61037083  0.16147843]
[ 0.79096936  0.8753032 ]
[ 0.8941658  -0.57492795]
[ 0.67732714  0.32322768]
[ 0.47443767  0.18636634]
[ 0.13589713  0.42534318]
[ 0.48948321  1.0387614 ]
[ 1.1720911  -0.26513724]
[ 0.65960538  0.49657086]
[ 0.95826408 -0.31967474]
[ 1.47899293  0.55508592]
[ 0.23276115  1.06251457]
[ 0.71194438  1.02915015]
[-0.0012676  -0.37833067]
[ 1.18121895  0.40300046]
[ 0.88237245  0.68372475]
[ 0.25573946  0.85913629]
[ 0.96526115  1.57998205]
[ 0.76792916  0.79956825]
[ 0.60285932  1.29083307]
[ 1.04016202  1.03935957]
[ 1.48918026  0.85402386]
[ 1.68174215  0.94002943]
[ 0.5360144   0.27552652]
[ 1.12406381  1.54963081]
[ 1.12713572  0.75446121]
[ 0.7870815   1.33359429]
[ 0.92274878  0.5855915 ]
[ 0.90729164  1.47733281]
[ 1.20813895  1.11249718]
[ 2.010693    1.07451936]
[ 1.21910744  1.02816337]
[ 0.85685254  1.04298057]
[ 0.28898291  0.54297571]
[ 1.4810403   1.48573396]
[ 0.95431046  1.49936014]
[ 1.41202081  1.6809117 ]
[ 1.08094738  1.63317111]
[ 1.96887979  1.87700698]
[ 0.72343336  1.64973467]
[ 1.53149388  1.03297646]
[ 1.22895286  0.81257734]
[ 0.97730552  1.14079655]
[ 1.24118153  1.21773207]
[ 1.36111169  0.91843573]
[ 0.75236699  1.5677756 ]
[ 1.88192497  1.51783335]
[ 1.82927897  1.7190564 ]
[ 0.93715997  1.00214309]
[ 1.84247166  1.05939959]
[ 1.54563893  1.16648957]
[ 1.25491013  1.93001903]
[ 1.30531319  1.65260601]
[ 1.61465223  1.28005494]
[ 2.26540838  1.40503437]
[ 1.27207195  1.61634909]
[ 1.74763051  2.19587545]
[ 2.26164653  1.76990011]
[ 2.075535    1.39029188]
