[-1.48096749 -1.38596573]
[-1.09718587 -1.06310053]
[-2.07038214 -1.2116013 ]
[-1.27151074 -0.28885763]
[-1.96851323 -1.49058512]
[-1.34630714 -1.51519115]
[-1.33867999 -1.94019031]
[-1.36392463 -1.98715625]
[-0.8176064  -2.16146976]
[-1.96964094 -1.50889665]
[-0.83435789 -1.74454729]
[-1.09174329 -1.4785127 ]
[-1.28168275 -1.81853613]
[-1.99449604 -1.63111893]
[-1.41441264 -1.77901871]
[-1.17240793 -1.96858047]
[-1.22965456 -1.8011708 ]
[-1.75127578 -0.85713254]
[-1.50051362 -1.96951189]
[-1.06173831 -0.98184472]
[-1.02020334 -0.83909809]
[-0.85417004 -0.97736576]
[-0.71401765 -1.13844078]
[-0.73960047 -0.7997111 ]
[-1.29213095 -0.53994642]
[-1.34248924 -1.30939332]
[-1.60393483 -1.08198818]
[-1.26230418 -1.06205627]
[-0.97498023 -0.93892122]
[-2.30457841 -1.46011395]
[-1.09900528 -1.08975917]
[-0.82455391 -1.1030294 ]
[-1.08559237 -0.69857678]
[-0.48730782 -0.40690121]
[-0.93858448 -1.19946551]
[-1.281514  -0.9771777]
[-1.1180216  -0.81816914]
[-0.85092165 -0.38500155]
[-1.27357672 -1.15586184]
[-1.44245967 -1.20073464]
[-0.38997273 -1.37157928]
[-0.53287919 -0.56018583]
[-0.64250914 -0.57772371]
[-0.76509902 -0.85604166]
[-0.32168984 -0.29747431]
[ 0.05083769 -0.87510994]
[-1.39275307 -1.10868391]
[-0.91816227 -0.3737257 ]
[-0.28023405 -0.94531305]
[-1.53452559 -0.30672791]
[ 0.13999471 -0.50670141]
[-1.29199327 -0.83016713]
[-0.73888675 -0.46578709]
[-0.31959963 -0.66477446]
[-0.96835056 -0.45764846]
[-0.66117638 -0.73043616]
[-0.93173324 -0.34326878]
[-0.6807081   0.05020146]
[-1.39808413 -0.98838455]
[-0.22842262 -1.04021392]
[-0.97057247 -0.86890909]
[-0.19238042  0.04703551]
[-0.94238087 -0.47812472]
[-0.14165473 -0.40118643]
[-0.61219161 -0.11685478]
[-0.15879424 -0.54612776]
[-0.87016035 -0.27464944]
[-0.93032667 -1.04358922]
[-0.33367415 -1.30609247]
[-0.26877592 -0.61495308]
[-0.69890678 -1.20796608]
[ 0.37777144 -0.61222687]
[-0.84448346 -0.91090762]
[-0.3260822  -0.76685992]
[-0.22327997 -0.1736027 ]
[-0.06203039 -0.34984428]
[-0.27404477 -0.23944968]
[ 0.060824    0.11193955]
[ 0.25557372 -0.74549829]
[-0.45973207  0.18619506]
[ 0.39966244 -0.86125553]
[-0.17496242 -0.19424315]
[-0.75931359  0.76661961]
[ 0.08863321  0.11074753]
[ 0.72525298 -0.65623135]
[-0.24230563 -0.85309514]
[ 0.1959492   0.23051831]
[ 0.30755156  0.80578764]
[ 0.90134877  0.68523944]
[-0.34064705  0.46776643]
[-0.21163996  0.92200615]
[-0.71358662 -0.11280662]
[ 0.01687319 -0.08965404]
[ 0.69209479  0.46150115]
[ 0.02629783  0.65272331]
[ 0.31526471  0.35697763]
[-0.15831061 -0.37415369]
[ 0.0196719  0.2326768]
[-0.16888558 -0.15443647]
[ 0.34483622 -0.3304244 ]
[ 0.97638493  1.01998502]
[ 0.44897599  0.42512378]
[-0.12267834 -0.07683742]
[ 0.98259844 -0.14143261]
[ 0.49609343  0.04064082]
[-0.38456641 -0.00901338]
[ 0.45000376  0.09522041]
[ 0.44277887  0.87093953]
[ 0.3005292   0.96000062]
[ 0.61517837  0.63463932]
[ 0.04889184  0.45334247]
[ 0.5898487   1.04467608]
[ 0.87249668  0.60339136]
[ 1.16053152  0.93172868]
[ 0.30328586  0.9285182 ]
[ 0.72961966  0.34521686]
[ 0.26030699 -0.43525767]
[ 0.5449918   0.46964361]
[ 0.57814868  1.06385198]
[ 0.55687986  0.88541178]
[ 0.91088545  0.67441598]
[-0.06801305 -0.18817207]
[ 0.53452514  1.15302501]
[ 0.25058842  0.83045438]
[ 1.1392925  0.832059 ]
[-0.19593209  0.80201819]
[ 0.54592931  1.4588689 ]
[ 0.45347983  0.61946032]
[ 0.78968     0.25517955]
[ 0.73628313  0.95057879]
[ 0.37445703  1.16344308]
[ 0.45117923  0.57872407]
[ 0.14919739 -0.16329169]
[ 1.37348539  0.85558241]
[ 0.68444638  0.73007384]
[ 0.08341526  0.86006953]
[ 0.96730862  0.44770317]
[ 0.34497631  0.69390656]
[ 0.26135833 -0.02742119]
[ 0.75691754  1.60887731]
[ 0.84881651  0.9015396 ]
[ 0.66881291  0.33486874]
[ 0.00313462  0.25139756]
[ 0.4209801   0.09613964]
[ 0.49795446  0.65683968]
[ 0.32956431 -0.00885605]
[ 1.03440754  1.03876033]
[ 0.53672918  0.70866839]
[ 0.44766522  1.12983588]
[ 0.77409181  0.93057593]
[ 0.74585481  1.20983554]
[ 1.36712299  1.53902889]
[ 1.21761702  0.48678235]
[ 1.01032786  0.65369361]
[ 1.55471733  1.59964359]
[ 1.36850597  0.1063198 ]
[ 0.03450046  0.64873614]
[ 1.31764915  0.41461232]
[ 1.98124596  1.39709028]
[ 0.90371059  0.68893166]
[ 1.64412097  0.92724105]
[ 0.58138388  1.13390075]
[ 1.45363671  1.44288134]
[ 1.66854645  1.35384681]
[ 1.35724479  1.89109989]
[ 1.71102411  1.69466907]
[ 0.53934759  1.44659999]
[ 2.71829373  1.98785109]
[ 1.7011702   1.71980937]
[ 0.44142047  1.15124058]
[ 1.50920344  1.27389819]
[ 1.32838418  1.89854717]
[ 1.42095786  1.62303092]
[ 1.81428619  1.02950409]
[ 1.73265133  1.17571465]
[ 1.4769347   1.59971251]
[ 1.88932461  1.45864077]
[ 1.43744594  0.91881788]
[ 1.61159158  1.32014895]
[ 1.68694486  1.59096517]
[ 0.73437102  1.78613967]
[ 1.49856969  1.03868273]
[ 1.31038885  0.76712404]
