[-1.46013427 -1.52099365]
[-1.95349598 -2.69502715]
[-1.33700607 -0.70619064]
[-1.92669216 -1.53829974]
[-1.17963356 -1.61093414]
[-1.64189355 -1.65800282]
[-2.14054266 -2.21114619]
[-1.18556213 -0.87506559]
[-1.91457753 -1.50790069]
[-1.1450002 -2.2707503]
[-2.00974577 -1.34962479]
[-1.04851112 -1.0900138 ]
[-0.86602568 -1.41549737]
[-0.42454055 -0.3974937 ]
[-1.65615481 -1.26255748]
[-0.61991827 -0.82767142]
[-0.44187825 -1.16357529]
[-0.55865473 -1.83893267]
[-0.98467202 -0.4822206 ]
[-1.23485045 -1.12066829]
[-0.64879994 -1.26796048]
[-0.88721693 -1.46282759]
[-2.1534238  -1.17819226]
[-1.40260248 -0.7422629 ]
[-1.08382156 -1.27680855]
[ 0.04734543  0.25334356]
[-0.22978514 -1.05150662]
[-1.37364327 -0.79542267]
[-0.63639037 -0.92663747]
[-0.80993474 -1.10475087]
[-0.92832922 -1.71655762]
[-1.21482128 -0.51806719]
[-0.79570504 -0.71240359]
[-1.08166577 -1.03218586]
[-1.78783714 -1.17559204]
[-0.73785756 -0.85050546]
[-0.90097843 -1.64539701]
[-1.53272057 -1.70898434]
[-1.10479481 -1.47390763]
[-0.7719578  -1.17878063]
[-0.71904022 -0.91701603]
[-0.63688796 -0.65903396]
[-0.73447855 -0.62346704]
[-1.22486295 -1.12831708]
[-0.30615709 -0.60619565]
[-0.59956327 -0.52961111]
[-1.19078407 -0.33470199]
[-0.3589453  -0.72063952]
[-1.49586255  0.13023284]
[-0.39621973 -0.78650179]
[-0.23075051 -0.67384163]
[ 0.02805441 -0.18498354]
[-1.24185151 -0.29994251]
[ 0.42409813  0.05837538]
[-0.62553128 -0.55809509]
[-0.56476338 -0.0358038 ]
[-0.64093819 -0.46230218]
[-0.61748269 -1.14650555]
[-0.5021885  -1.31908758]
[-0.74869503 -1.04598598]
[-0.48435605 -1.04668041]
[-0.76373959 -1.21347804]
[-0.56255518 -0.45553296]
[-1.11095961 -0.50783012]
[-0.93593743 -0.98408513]
[-0.77335038 -0.91788057]
[-2.00034887 -0.63692325]
[-0.0694353 -0.4907743]
[-0.55286908 -0.47412339]
[-1.34295813 -1.13739283]
[-0.5293247 -0.6351908]
[-0.42242151 -0.37650052]
[-0.70943939 -0.8393172 ]
[-0.68345983 -0.91655828]
[-1.16907264 -0.37134203]
[-1.05078809 -0.57641187]
[-0.60647554 -0.8303086 ]
[-0.22526481 -0.22805411]
[-0.54941633 -0.92508548]
[-0.90383703 -0.62934395]
[-0.22112539 -0.47092624]
[-0.96832076  0.095039  ]
[-0.17131204  0.25646912]
[-0.83577101 -0.18359878]
[-0.44508515 -0.52033557]
[-0.53963505 -0.63948601]
[ 0.14270977 -0.09695047]
[-0.4101656   0.44708752]
[-0.25850991  0.044636  ]
[-0.38078347  0.54429236]
[-0.33256269 -0.70645932]
[-0.36042403 -0.06064279]
[-0.5276978   0.43417971]
[-0.77538853  0.79474812]
[ 0.18635834  0.20292574]
[-0.01400604  0.61085055]
[ 0.55382227  0.83957067]
[ 0.87632784 -0.92614012]
[ 0.59030373  0.02657856]
[ 0.07630136 -0.26937829]
[-0.06731777  0.22943129]
[ 0.01265254  0.33879256]
[ 0.1132539   0.47397385]
[ 0.91481428 -0.15137025]
[ 0.23052646  0.36938572]
[-0.26742881  1.18723334]
[ 1.09852529  0.98779787]
[ 0.09587175  0.29636029]
[ 0.01931482  0.65772802]
[ 0.54295441  0.04115732]
[ 0.32841171  0.63436624]
[ 0.51026344 -0.33097587]
[-0.49510486  0.77405598]
[ 0.58050108  0.14765778]
[ 0.85582997  0.27671494]
[-0.12251802  0.52775609]
[ 0.34349185 -0.08617728]
[ 0.52981607  0.62421338]
[ 0.5979815   0.63390558]
[ 0.72171048  1.11197376]
[ 0.55393869  0.64219261]
[ 0.89033569  0.26134748]
[ 0.54707517  0.9975231 ]
[ 1.13443452  0.89411679]
[ 1.38146454  0.53461797]
[ 0.7092042   0.64379543]
[ 0.53591241 -0.03902941]
[ 1.03537846  0.09219004]
[ 0.62788228  0.74236481]
[ 0.23933227  0.80247248]
[ 0.30565374  0.02506715]
[ 0.58153959  0.42102798]
[ 1.06123711  0.80238681]
[ 1.13790524  0.60043602]
[ 0.4098656   0.55229242]
[ 0.29753585  0.56026765]
[ 0.63318139  1.36753622]
[ 0.39279781  0.62978158]
[ 0.65360298 -0.19695966]
[ 0.55200296  0.15651932]
[ 0.927206    0.65004052]
[ 0.39107958  1.14608247]
[ 1.25949418  0.59658095]
[ 0.64237368  0.71169495]
[ 0.44565085 -0.08850151]
[ 0.30415755 -0.08763282]
[ 1.69031987  0.44856477]
[ 0.92663965  1.05783608]
[ 0.8359605   1.42129868]
[ 0.42278032  0.49829252]
[ 1.00960465  1.06488543]
[ 1.51488489  1.12042285]
[ 0.71756705  0.96834355]
[ 1.27608686  1.35870643]
[ 1.02687197  1.0010717 ]
[ 0.80099752  0.98097682]
[ 0.62776259  1.2965453 ]
[ 1.25967895  1.1920183 ]
[ 1.74523415  0.65384922]
[ 0.68633819  1.66380196]
[ 1.84478863  0.51637671]
[ 1.22842069  1.69604613]
[ 1.24156034  1.24418319]
[ 0.24908354  1.10492256]
[ 0.91844136  0.53510298]
[ 1.21109324  0.63459032]
[ 1.42122781  1.49586528]
[ 1.45646967  0.79062925]
[ 2.05125935  0.49709586]
[ 1.61818635  1.08543405]
[ 1.82000595  2.02509283]
[ 1.69186974  0.65580897]
[ 0.98808299  1.45274684]
[ 1.67180303  1.99229523]
[ 1.67831823  1.1155473 ]
[ 1.36628363  1.33170127]
[ 1.25691345  1.61841583]
[ 0.85865492  1.18583334]
[ 1.16012526  1.94298819]
[ 1.45592969  1.36573009]
[ 1.37525616  0.95575725]
[ 0.86896252  1.74730874]
[ 1.78996395  1.50948046]
[ 1.17332696  1.87366666]
[ 1.92517277  2.06109012]
[ 1.43028534  1.47192122]
[ 1.06076355  1.04146278]
[ 0.7537126   1.63881121]
[ 1.10777276  1.24704118]
