[-1.45770205 -1.48940769]
[-1.8835787  -1.09563403]
[-2.35950005 -1.82000932]
[-1.08850364 -1.39531842]
[-1.20469407 -1.19522121]
[-1.4243985  -1.19814855]
[-1.24770981 -1.84449662]
[-1.30577873 -1.73530393]
[-1.11766917 -1.4766684 ]
[-1.64971314 -1.90207123]
[-1.30510664 -2.00193276]
[-1.39744492 -1.8720918 ]
[-1.54674582 -1.2635119 ]
[-1.73034236 -1.680269  ]
[-0.76944693 -1.798501  ]
[-1.168631   -1.98453868]
[-1.16748324 -0.36039619]
[-1.929514   -1.29961922]
[-1.62042216 -0.71121744]
[-1.0634743 -1.2210681]
[-1.93554544 -0.99665586]
[-1.03669771 -1.0663945 ]
[-0.64629076 -1.34769638]
[-0.5453503  -0.74253907]
[-1.03421254 -1.81648707]
[-1.63519828 -0.66132026]
[-0.24206465 -0.87897745]
[-0.13993483 -0.94759319]
[-0.93731822 -0.58946263]
[-1.06845622 -1.03620791]
[-0.49836301 -1.43697624]
[-1.11855625 -1.29250691]
[-0.39690519 -1.10589725]
[-0.55598179 -0.38922369]
[-1.35066199 -0.51272047]
[-0.54102371 -0.93650222]
[-0.74432347 -0.67984213]
[-1.83762388 -1.61816719]
[-0.51840056 -0.55284224]
[-0.71194957 -1.25205632]
[-1.32907554 -1.22977501]
[-1.04895056 -1.46523112]
[-1.83714183 -1.24612366]
[-1.06950926 -1.09343121]
[-0.53446354 -1.00197882]
[-0.57998947 -0.57164451]
[-0.61569338 -0.64338131]
[-0.37354567 -0.49320444]
[-0.32747304 -0.02050105]
[-0.72560397 -0.24781642]
[-0.57994791 -0.62761834]
[-0.27994509 -0.63644667]
[-1.00985634 -0.96337244]
[-0.90996775  0.29601672]
[-0.59975345 -0.31892982]
[-1.31474842 -0.34941709]
[-0.43950218 -0.53060353]
[ 0.03407113 -0.43243844]
[-0.87894245 -0.21879596]
[-1.04226769 -0.70532075]
[-1.09899517 -0.31772231]
[-1.23186438 -0.85127791]
[-0.93348685 -0.87852324]
[ 0.30505101 -0.44391869]
[-0.87333002 -0.73544225]
[-0.46644005 -1.92387651]
[-0.32102506 -0.38783176]
[-0.96658477 -0.54383592]
[-1.01461862 -0.92377341]
[-1.46463267 -0.45239272]
[-1.32868306  0.05028835]
[-1.50231156 -0.10819796]
[-0.85909196 -0.1777464 ]
[-1.51609408 -1.06961301]
[-0.17861136 -0.25682239]
[-0.46527905 -0.25472027]
[-0.60166764 -0.95661042]
[-0.28519661 -0.82666754]
[-1.14528128 -0.42779244]
[ 0.28428546 -0.93924972]
[-0.86065574 -0.83358096]
[-0.83879414 -1.38451358]
[-0.24112943 -1.04956109]
[-0.9698094  -0.94646172]
[-0.31704298 -0.27207158]
[-0.52102333 -0.14876437]
[-1.70698665 -0.32464091]
[-0.19468905 -0.22036812]
[ 0.14062387 -0.17602666]
[-0.13539225 -0.03444989]
[-0.45258497 -0.39663582]
[ 0.55371961 -0.02331775]
[-0.64179411 -0.40030823]
[-0.15484645 -1.06824076]
[ 0.16674094 -0.39900329]
[-0.07219418 -0.14244445]
[ 0.36210141  0.03938766]
[-0.08404249  0.20324319]
[-0.58082176 -0.08056252]
[-0.04355258 -0.01389243]
[-0.00719417 -1.15185536]
[-0.46779722 -0.57807928]
[-0.41901759  0.14497331]
[ 0.83991604  0.07608801]
[ 0.22631529  0.20264507]
[ 0.39880833  0.64389332]
[ 0.36419925 -0.03638114]
[ 0.18331683  0.41813131]
[-0.03977662  0.26066092]
[-0.25477299 -0.28688268]
[-0.02410385 -0.1265841 ]
[ 0.19003303 -0.44929715]
[ 0.25911237  0.8398422 ]
[-0.56055219  1.04513935]
[ 0.51246415  0.70486217]
[-0.29463918  0.38327156]
[ 0.83743742  0.05721817]
[ 0.55191979  0.66545937]
[ 0.16001084  0.66026622]
[ 0.37069424  0.1754785 ]
[ 0.49846519  0.17035901]
[ 0.8512542  -0.14021452]
[ 0.25601339  0.07435148]
[ 0.3041694   0.30891968]
[ 0.18665045 -0.55458011]
[-0.00871776  0.44703893]
[ 0.31794639  1.09222914]
[ 0.36458555  0.85545187]
[-0.34954997 -0.27581195]
[ 1.07390189 -0.27864511]
[ 0.20414555  0.53794774]
[ 0.2423652   0.54852591]
[ 0.46945745  0.37483947]
[ 0.64731962  0.62565826]
[ 1.01569466  0.69546164]
[ 0.76712077  0.36077393]
[ 0.78157784  0.92512405]
[ 0.77472616  0.25440585]
[ 0.49350714  0.87917035]
[-0.34526245  0.68423271]
[ 1.25840046  0.13964888]
[ 0.47932684  0.81989719]
[ 0.76588684  0.62386508]
[ 0.65204911  0.74340171]
[ 0.56350011  0.71027664]
[ 1.09574711  0.51128812]
[ 0.83085247  1.07884644]
[ 0.87019292  0.621564  ]
[ 0.54103306  0.78862832]
[-0.10270561  0.27849245]
[ 0.51732029  0.12446068]
[ 0.74133261  0.13853863]
[ 0.4263815  0.4541905]
[ 0.38262905 -0.11645718]
[ 1.24373526  0.64314822]
[ 0.12098839 -0.00598879]
[-0.08383942  0.61744809]
[ 1.26748555  0.08518386]
[ 0.88537373  0.67724553]
[ 0.35773871  0.39202524]
[ 1.04539186  0.92800737]
[ 0.55559973  1.29671933]
[ 0.32867768  0.9626139 ]
[ 1.04808911  0.60833954]
[ 1.06832395  1.04867145]
[ 1.5722702   0.49325623]
[ 0.13684757  0.97702062]
[ 1.19069395  0.46053805]
[ 1.45050709  0.86370417]
[ 0.86338264  1.32427395]
[ 0.76776706  1.20520574]
[ 1.6703918   0.82806176]
[ 0.99264382  0.91751497]
[ 0.82173921  1.96501679]
[ 1.37792155  0.37497602]
[ 1.493065    1.24053849]
[ 0.91825023  1.37612383]
[ 0.93582261  1.08108334]
[ 0.55589722  0.33228104]
[ 0.96478538  1.18538027]
[ 1.48932829  1.47168464]
[ 1.59954442  1.16764666]
[ 0.7211294   1.81514521]
[ 2.06452361  1.79928855]
[ 1.55268782  1.97731839]
[ 1.0928675  1.6591828]
[ 2.0668634   1.71162266]
[ 1.92821381  1.41060245]
[ 1.40769346  2.36296851]
[ 1.49251406  0.98901506]
[ 0.69475897  2.16821786]
[ 1.41142035  1.32698158]
[ 1.10012917  1.41379777]
[ 1.3390129   0.76005022]
[ 1.4463111   1.10425534]
[ 1.4574398   2.33082295]
[ 1.13093372  1.8879892 ]
[ 1.09331703  1.00366452]
[ 0.97493692  1.64837364]
[ 1.24040232  0.92647646]
[ 1.08810712  1.97085824]
[ 1.70309326  1.09756054]
[ 1.93260198  1.01886719]
[ 1.8237391   0.95391871]
[ 1.42652072  0.90948557]
[ 1.35979215  2.11838711]
[ 1.22828088  1.44203571]
[ 1.84165104  1.32811207]
