[-1.4687692  -1.60900703]
[-1.44109635 -2.01974656]
[-1.68287342 -2.09164208]
[-2.09254079 -1.61928302]
[-1.94363459 -1.49133244]
[-1.56561816 -0.70575129]
[-1.16423931 -0.90775386]
[-0.85852528 -1.69503852]
[-1.75574689 -1.41017549]
[-1.67713009 -1.09113562]
[-0.54767457 -1.64235199]
[-2.21853477 -1.31182662]
[-1.54820435 -1.35652717]
[-0.85657532 -1.81551833]
[-1.06115031 -1.17014664]
[-1.27094472 -0.53636847]
[-1.18036728 -1.76955712]
[-0.71353146 -0.64294379]
[-1.05582586 -1.70341337]
[-2.44312682 -1.2008344 ]
[-0.99555071 -1.47137969]
[-1.31211821 -0.6061795 ]
[-0.89171674 -1.10791914]
[-1.52603668 -1.04079773]
[-1.05719847 -1.16604808]
[-0.8291457  -1.39488239]
[-1.38131644 -0.66839563]
[-1.45706429 -0.53703681]
[-1.77173321 -1.62502177]
[-1.41843784 -1.12214243]
[-1.44580047 -1.02034312]
[-1.26685382 -1.03395863]
[-1.20042975 -0.83017772]
[-0.47651205 -1.62265365]
[-1.14508834 -0.13721384]
[-1.01845378 -1.55963874]
[-0.60438631 -0.9558937 ]
[-0.28491633 -1.07593373]
[-0.37738818 -1.27558328]
[-0.95172528 -1.2914085 ]
[-0.65353142 -0.73128624]
[-0.49274677 -0.49380163]
[-1.10730315 -0.02942554]
[-0.74037835 -0.85489874]
[-0.83913556 -0.44838448]
[-0.34745116 -0.13528749]
[-0.81876068 -0.525714  ]
[-0.95144576 -0.6538757 ]
[-0.46061596 -1.18251835]
[-0.38746432 -0.23364427]
[-0.80230587 -0.61404272]
[-0.71233657 -0.25966758]
[-0.4575386  -1.15866088]
[ 0.17364823 -0.59168625]
[-0.94771343 -0.56256683]
[-0.24260194 -0.63084394]
[-0.60598039 -0.0714094 ]
[-1.02665479 -0.33461211]
[-0.71178196 -0.49705664]
[-1.17241491 -0.88999668]
[-0.40395413 -1.2116579 ]
[-1.12980597 -0.27350072]
[-1.03987046 -0.62694363]
[-0.74810586 -1.28482201]
[-0.66695058 -0.32895253]
[-0.47526165 -0.99469675]
[-0.78518005 -1.52633402]
[-0.62519833 -0.94235111]
[-0.53125076 -1.19683707]
[-0.67871096  0.15955864]
[-0.90361402 -0.20828551]
[-0.81302614 -0.52214108]
[-0.31163742 -0.70004353]
[-0.97505319 -0.65812709]
[-0.93379379 -1.31607762]
[-0.8040922  -1.06205281]
[-0.92117707 -0.52467849]
[-0.09303422 -1.1126036 ]
[-0.24591254 -0.29242585]
[-0.15658391 -0.44968891]
[ 0.02018664 -1.03907561]
[ 0.22378065 -0.75959383]
[-0.39844651 -0.8009985 ]
[-0.04079018  0.38243898]
[-0.88607401 -0.29283277]
[ 0.0675245  -0.51482334]
[-0.38439748 -0.72247218]
[-0.28796505 -0.46723906]
[-0.77100322 -0.302429  ]
[-0.29439849  0.02143955]
[-1.2942071  -0.53500725]
[ 0.29650654 -0.68083747]
[-0.66329697 -1.22132688]
[-0.32101414 -0.2706906 ]
[-0.51972472 -0.07461954]
[ 0.16170635  0.14643455]
[ 0.39563065  0.28249039]
[-0.15824484  0.08577927]
[ 0.10513207  0.3582936 ]
[ 0.69110646 -0.00454811]
[ 0.30535273 -0.05841494]
[ 0.55611637  0.05805756]
[ 0.09643203 -0.04051053]
[-0.49198277  0.37947018]
[ 0.63994738  0.32378689]
[ 0.08847736  0.82463691]
[-0.21662581 -0.55302663]
[ 0.01326424  0.53227382]
[-0.11045369 -0.76120327]
[ 0.08282776  0.26157953]
[-0.29634951  0.33568553]
[ 0.13003476  0.52972419]
[-0.5545817   0.41330749]
[ 1.07627226  0.52617131]
[ 0.03773122  0.30210126]
[ 0.51693379  0.89475116]
[ 0.53108228  0.60611212]
[ 1.37370919  1.16567897]
[ 0.0218132   0.12727984]
[-0.59233118 -0.08112612]
[ 0.14497173  0.10282866]
[ 0.78399382  0.11089242]
[ 0.56932524  0.58529494]
[ 0.6726384   0.22703495]
[ 0.05082109  1.2057052 ]
[ 0.4208187   0.86796673]
[ 0.32689073  0.65478877]
[ 0.479989    1.05411474]
[ 0.21761671  0.07248974]
[ 1.15176241  0.99139394]
[ 0.4997918   0.58575477]
[ 0.38893228  0.4379909 ]
[ 0.30806238 -0.35723751]
[ 0.60987429  0.90848078]
[ 0.49726304  0.4612896 ]
[ 0.45185522  0.20480077]
[ 0.15981068  0.50704205]
[ 0.54772483  0.48568123]
[ 0.61275767  0.87325089]
[ 0.91780125  0.47770979]
[ 0.76297013  0.75186208]
[ 1.01363937  0.00606031]
[ 1.1130706   0.23820744]
[ 0.83455952  0.1350388 ]
[ 1.07666106  0.6261995 ]
[ 0.45885981  0.84020721]
[ 0.77714809  0.61112773]
[ 1.70752404  0.46661165]
[ 0.42270854 -0.1834353 ]
[ 0.08828152  0.90582514]
[ 0.89788351  0.60312613]
[ 0.72516547  0.78257845]
[ 0.15631184  0.77614998]
[ 0.91420965  1.12787151]
[ 0.96060706  0.3417656 ]
[ 0.01539464  0.66368364]
[ 1.46596679  0.23062969]
[ 0.30217345  0.62744105]
[ 0.36774923  0.25216595]
[ 0.97694413  1.02415533]
[ 1.42683793  0.42987322]
[ 0.97230635  0.69065367]
[ 1.29833745  1.23949183]
[ 1.66431317  0.81467174]
[ 1.58380668  0.76310262]
[ 0.75759053  1.27198526]
[ 0.89878019  0.77149253]
[ 0.94432192  1.2134187 ]
[ 0.70232025  1.14968107]
[ 0.27575935  1.17017411]
[ 0.19296904  0.56536738]
[ 1.38456301  1.46301573]
[ 1.21826025  1.61427321]
[ 1.52948179  1.24662308]
[ 0.91950259  1.54049099]
[ 0.81758203  1.31385936]
[ 1.22528795  1.01591543]
[ 0.66645908  1.6995707 ]
[ 1.26304747  1.4002904 ]
[ 1.51388519  1.54874575]
[ 1.9159082   0.90151996]
[ 1.80727169  1.39925406]
[ 0.98577036  1.80918818]
[ 1.73227472  1.33945009]
[ 1.85930547  1.2243107 ]
[ 1.71934617  1.94827494]
[ 1.79823373  1.7285227 ]
[ 1.1562438   1.26737689]
[ 1.72375422  2.24865609]
[ 0.69145863  0.73102391]
[ 1.24747287  1.79728411]
[ 1.06156507  0.94043391]
[ 1.41404701  1.6766129 ]
[ 2.47058284  1.41206936]
[ 1.03823524  1.72767043]
[ 1.24286313  2.17531606]
[ 1.54353182  1.16004798]
[ 1.2516037   2.43680905]
[ 1.55332694  1.42615551]
[ 1.10946301  0.8894165 ]
[ 1.92682717  1.48165015]
