[-1.53278555 -1.49091138]
[-1.30372574 -1.47354098]
[-1.82886146 -1.5102457 ]
[-1.63416715 -1.75959142]
[-1.85040169 -2.53974451]
[-1.36270776 -0.87371406]
[-1.52917891 -1.77677462]
[-1.55452218 -1.24751078]
[-1.73605711 -0.92463841]
[-1.59616173 -2.08259436]
[-2.06120197 -1.21608462]
[-1.10145711 -1.07206592]
[-1.525818   -1.45350277]
[-0.86913054 -1.23709277]
[-1.18798443 -1.48280985]
[-1.03884159 -0.95376262]
[-1.06633316 -1.42556776]
[-1.41550421 -1.24186412]
[-1.21539722 -0.96225274]
[-1.24204825 -0.72554513]
[-1.89414281 -0.98815497]
[-1.11727579 -1.01749483]
[-0.66938776 -1.3263337 ]
[-0.78891971 -1.2403344 ]
[-1.49467718 -1.33211122]
[-1.59314275 -0.83577161]
[-1.16439245 -1.19465477]
[-1.56148221 -0.77844404]
[-0.76607415 -1.53838831]
[-1.232391   -0.99144864]
[-0.94882572 -1.24840637]
[-1.03487204 -0.89139297]
[-1.55423353 -1.06820082]
[-0.62648527 -1.56738211]
[-0.9543272  -0.84526793]
[-0.40737729 -1.35351312]
[-0.63561779 -0.73594904]
[-1.55980573 -1.18160483]
[-0.67012867 -0.65322046]
[-0.60284584  0.08616208]
[-0.78948398 -1.06784291]
[-0.93842123 -0.08257583]
[-0.7528544  -0.51106524]
[-0.3203675  -1.20378876]
[-0.39010263 -1.03976914]
[-0.55540542 -1.12132626]
[-0.44207164 -0.50231179]
[-0.72588427 -0.79903255]
[-0.14865595 -0.72276791]
[-0.69013004 -1.415217  ]
[-1.51832801 -1.12433745]
[-0.299386   -0.75515686]
[-2.23977265 -0.54000542]
[-0.37392216 -0.98792837]
[-0.37025436 -0.95295483]
[-0.23140059 -0.75670052]
[ 0.18673955 -1.00062002]
[-1.27868878 -0.14028867]
[-0.32234206 -0.20413023]
[-0.87479695 -0.58930975]
[-0.67869406 -0.56704922]
[-0.0513689  -0.30566881]
[-0.71806457 -0.30706116]
[-0.85426941 -0.23042608]
[-0.50146224 -0.45726321]
[-1.54503029 -0.70799787]
[-0.76819327 -0.54713122]
[-0.54456777 -0.72594606]
[-0.47813804 -1.80957027]
[-1.01793925  0.01896288]
[-1.49241259 -0.21297523]
[ 0.30229199 -1.49577062]
[-0.02512803 -0.78303361]
[-0.15123137 -0.83083897]
[-0.59686855 -0.95259084]
[-0.23880022 -0.234375  ]
[ 0.08104492 -1.27236822]
[-0.20656426  0.5578097 ]
[-0.51978303  0.37248142]
[ 0.59643226 -0.04644896]
[-0.4924241   0.09256585]
[-0.25630709  0.57508251]
[ 0.30105446 -0.69442486]
[ 0.1251508   0.24576747]
[ 0.07849555 -0.32770505]
[ 0.43317333  0.39773244]
[-0.25142627  0.12961278]
[-0.69285179 -0.14488312]
[-0.91422134 -0.17576925]
[ 0.19252822  0.18447046]
[-0.17005325  0.09159548]
[-0.23073359  0.42155502]
[ 0.88040952 -0.08877122]
[ 0.37950789  0.81471154]
[ 0.30964638  0.19737799]
[ 0.74176544  0.52820263]
[ 0.61051748  0.73571607]
[ 1.0162056   0.76957655]
[ 0.26411054  0.29743117]
[ 0.0878652   0.75499045]
[ 0.25468625 -0.26446368]
[ 0.32671268 -0.6276328 ]
[-0.0811936  0.0385903]
[ 0.28119669  0.29366529]
[-0.07116305  0.06044718]
[-0.12293103  0.93970016]
[-0.14685719  0.40769168]
[ 0.28362698  0.50372319]
[ 0.48400489  0.35944374]
[-0.99146822 -0.05706722]
[ 0.11104944  0.10213537]
[ 0.44742893  0.26271879]
[-0.15493616  0.06892325]
[ 0.40763458  0.61313683]
[ 0.54043674 -0.25821872]
[ 0.33345238 -0.74388238]
[ 0.42646415  0.67025636]
[ 0.62385666  0.60331591]
[ 0.83617789  0.45527431]
[ 1.03889128  0.4307766 ]
[ 0.18332909  0.07787864]
[ 0.52263135  0.86188934]
[ 1.1524544   0.94982751]
[ 0.70102799 -0.0207955 ]
[ 0.90225624  0.91758128]
[ 0.55978383  0.90592815]
[ 1.03518872  0.3141122 ]
[ 0.96013139  0.69237762]
[ 1.70810021 -0.0552238 ]
[ 0.80077717  1.30688973]
[ 0.37367849  0.50032695]
[-0.05993326  0.30176064]
[-0.03190603 -0.08647663]
[ 0.7388816   0.76717056]
[ 0.27921835  0.85713683]
[ 0.0359812   0.60801104]
[ 0.53080691 -0.11969743]
[ 1.11845448 -0.02941238]
[ 0.40646954  0.689789  ]
[ 0.78746917  0.43415522]
[ 0.74331476  1.37165935]
[ 1.06211116  0.6326907 ]
[ 0.64712571  0.35295557]
[ 0.21383491  0.91503304]
[ 0.69615107  1.16284517]
[ 0.50852123  1.12742445]
[ 0.83647084  0.06222764]
[ 0.37519984  1.1455943 ]
[-0.54209638  1.29956403]
[ 0.87735664  0.72072166]
[ 1.05518511  1.02216137]
[ 0.56806775  0.85994314]
[ 0.39612936  0.99646121]
[ 0.9028462  1.3963682]
[ 1.72288302  1.0548385 ]
[ 1.5480023   0.84314762]
[ 1.14123291  0.91187799]
[ 0.85309514  1.92369826]
[ 1.65839819  1.23653784]
[ 1.62291204  1.00775369]
[ 1.35805107  1.06670102]
[ 1.23892482  1.21867449]
[ 1.5232428   0.64748354]
[ 0.77717098  0.43975603]
[ 1.18768769  1.46667418]
[ 0.16568463  0.81295705]
[ 1.48651355  1.44100683]
[ 1.57952961  1.43164943]
[ 1.11522156  0.68658362]
[ 2.01241378  0.96579731]
[ 1.09790587  1.72531474]
[ 0.87191242  2.60721398]
[ 1.00882945  2.02959415]
[ 2.18293908  0.30017946]
[ 1.14103296  0.56813408]
[ 1.49820402  1.69312756]
[ 1.4300879   1.04326355]
[ 1.41050801  1.34436275]
[ 1.78690621  1.04387823]
[ 1.64389398  1.98598708]
[ 1.19447616  1.7817988 ]
[ 1.95364023  2.1083421 ]
[ 1.94891516  1.83202   ]
[ 1.02221333  0.96130084]
[ 0.8211602  1.7654777]
[ 1.40094243  1.31290984]
[ 0.72393262  1.34582723]
