[-1.01042471 -0.88638198]
[-0.81055542 -1.04390537]
[-1.28349882 -1.143509  ]
[-0.23903114 -0.36840877]
[-0.53533653 -0.68105757]
[-2.40048903 -1.15066162]
[-0.50365387 -1.02994178]
[-1.62341893 -1.05720503]
[-0.14713085 -1.08654027]
[-0.56129429 -0.54845928]
[-0.82353237 -1.82027351]
[-0.93976859 -0.79758568]
[-0.81278318 -1.3468002 ]
[-1.23542473 -0.79856555]
[-1.11412024 -1.11672601]
[-1.01263795 -1.1391241 ]
[-0.31718818 -1.25052385]
[-1.56161548 -0.50775134]
[-1.01042471 -0.88638198]
[-0.74993745 -0.58838478]
[-1.0967066 -0.5797006]
[-0.77016159 -1.03539462]
[-2.18712143 -1.00347641]
[-1.45048965 -1.1445523 ]
[-1.18549454 -0.92861883]
[-0.79816705 -0.79480824]
[-0.57156293 -0.40053757]
[-1.20937889 -0.54064753]
[-0.65002621 -0.98318937]
[-0.14539986 -0.54360502]
[-1.80422451 -0.59468034]
[-0.95433276 -0.70754065]
[-1.65182822 -0.67606621]
[-1.33503699 -1.22754682]
[-1.83937514 -0.7450468 ]
[-0.87490412 -0.41013597]
[-0.42079217 -1.07834383]
[-1.07208002 -0.02424801]
[-1.18850439 -0.48708288]
[-0.46762914 -1.42564877]
[-0.64092123 -0.92189609]
[-1.15136927 -1.09447997]
[-0.65344845 -1.43641699]
[-0.11849611 -1.00858858]
[-1.5213441  -1.03822682]
[ 0.70338236  1.15379751]
[ 0.37652042  1.03807289]
[ 0.54247738  0.82393663]
[ 1.36860252  1.20628791]
[ 0.94957045  1.1280057 ]
[ 0.81546733  1.42831207]
[ 0.18988228  0.95706191]
[ 0.73272424  1.04492246]
[ 0.32845954  1.53150975]
[ 0.2623165  1.5226769]
[ 0.14165651  0.80596289]
[ 0.43969223  1.24777025]
[ 1.12991701  1.49641361]
[ 0.48573725  0.78348736]
[ 0.02741906  1.08385284]
[ 0.93792436  0.97335708]
[ 0.57468967  1.49459964]
[ 0.9261356   0.41149144]
[ 1.05270662  1.54747914]
[ 0.29352065  1.04477701]
[ 0.01569344  1.1731654 ]
[ 1.2929762   1.78748949]
[ 1.06308448  1.46102682]
[ 0.81702818  0.76981901]
[ 0.15071794  0.95561408]
[ 0.32103213  0.98901525]
[ 1.42098419  1.35369556]
[ 1.09247738  1.24439978]
[ 0.50740026  1.42094217]
[ 0.99112124  1.4210695 ]
[ 0.8186395   0.98070845]
[ 0.7368308   0.92641196]
[ 0.85266277  1.08094011]
[ 0.69819538  1.47923692]
[-0.58197294 -0.88638198]
[-0.48386769 -1.09077916]
[-1.10188948 -0.86319197]
[-1.20288065 -0.57700054]
[-0.91514646 -1.20924636]
[-1.64746639 -1.12623568]
[ 0.38365308 -0.60367145]
[-0.14582475 -0.60724104]
[-1.21505383 -0.8512604 ]
[-0.5292086  -0.83517295]
[-0.50503553 -1.07089046]
[-0.32099904 -0.71877364]
[-0.50311519 -1.50108851]
[-0.43391079 -0.96369512]
[-0.5713312  -0.93433015]
[-1.40222735 -1.11958459]
[-0.00233796 -0.8600236 ]
[-0.55433309 -1.78044858]
[-0.44565194 -0.74552279]
[-0.23758152 -0.78715816]
[ 0.39478568 -0.82348116]
[-1.18005041 -1.03335383]
[-0.45346247 -1.28224934]
[-1.50891879 -0.25638058]
[-0.30931964 -0.73708733]
[-0.30820283 -1.07068352]
[-1.21477595 -1.02613321]
[-0.66207902 -1.03386919]
[ 0.15267027 -0.99544555]
[-0.03186276 -0.80882876]
[ 1.13183413  0.8137676 ]
[ 1.00655954  1.06142013]
[ 1.23288728  0.90927583]
[ 1.00371677  0.80832897]
[ 0.51335691  0.71951661]
[ 0.88933414  0.38807632]
[ 1.55880481  0.69809558]
[ 1.04448377  0.63062288]
[ 0.64347163  1.43560277]
[ 1.8227363  0.4538864]
[ 1.99226465  0.49499745]
[ 0.92947176  0.6243251 ]
[ 0.25757117  0.31928321]
[ 1.26637073  1.13923349]
[ 0.87963975  0.55324093]
[ 0.33781357  0.90314568]
[ 0.95234949  1.05906275]
[ 0.78122184  1.26162972]
[ 1.03583528  0.95346462]
[ 0.79887169  0.49152986]
[ 0.67242414  1.10323719]
[ 1.19979454  0.94487308]
[ 0.68787586  0.47701571]
[ 0.60765315  0.48332466]
[ 1.064552    1.20197897]
[ 1.31883888  0.55829495]
[ 1.31176756  0.95485422]
[ 1.00189312  0.85882937]
[ 1.42987307  1.03581202]
[ 1.8040174  0.5446644]
[ 1.90882371  1.1140741 ]
[ 2.03026226  0.61250796]
[ 1.80719893  0.66123173]
[ 0.79235253  1.44467429]
[ 0.80935285  0.47542822]
[ 0.40553799  0.32126025]
