[-0.99622762 -1.027504  ]
[-0.84437218 -1.11209708]
[-0.69188745 -0.83956379]
[-0.62822039 -0.45954719]
[-0.60384954 -0.94697867]
[-1.25179016 -0.81423676]
[-0.5269471  -0.30803396]
[-0.81668024 -0.75942129]
[-1.38558262 -1.28836518]
[-1.20954135 -0.74528653]
[-0.8421595  -0.62666386]
[-1.06917218 -1.01624673]
[-1.41719276 -0.89251738]
[-1.39888708 -0.27945006]
[-1.35870842 -1.21505048]
[-0.34170638 -1.36074864]
[-0.64657577 -0.73422113]
[-0.99622762 -1.027504  ]
[-1.43377848 -1.01156667]
[-0.93115002 -0.7491653 ]
[-1.41414416 -0.77121994]
[-1.3977296  -0.87961985]
[-1.56963888 -0.19404524]
[-0.97364641 -0.9869169 ]
[-1.32025708 -1.14390103]
[-0.64059653 -0.61135315]
[-0.57679844 -1.23535155]
[-1.22194112 -1.23629572]
[-1.21632984 -0.69696687]
[-0.98461248 -0.58432469]
[-0.97740669 -1.27203887]
[-0.79334823 -1.49658895]
[-0.5747509  -0.43613209]
[-0.3719838  -0.86837836]
[-1.46048435 -0.92345247]
[-1.79568987 -1.10047537]
[-1.91703249 -1.24676701]
[-1.40594631 -0.86680097]
[-1.6907419 -1.046786 ]
[-0.66543124 -1.35143275]
[-0.93051286 -0.3751548 ]
[-0.74454964 -1.11453292]
[-0.79993016 -1.28530231]
[-1.00986621 -1.15751018]
[-1.18780835 -1.35140663]
[-1.22795066 -0.93176346]
[-1.07423038 -1.20949848]
[ 0.68068234  1.08233056]
[ 1.1986686  1.0103718]
[ 0.51775675  1.06107097]
[ 0.16716503  1.35491349]
[ 0.92452098  2.10366347]
[ 0.52346693  1.46392497]
[ 0.78802337  1.12990742]
[ 1.28228309  1.15281265]
[ 0.61890656  0.93568408]
[ 1.09818401  1.24060223]
[ 0.49240984  0.43531334]
[ 1.6322116   0.93598452]
[ 1.2750792   1.22735283]
[ 0.63102375  1.2192709 ]
[ 0.24581713  1.17251549]
[ 0.4162393   0.40220325]
[ 0.6727008   1.38022831]
[ 0.92826609  0.88416954]
[ 1.00509623  0.68958652]
[ 0.42635296  0.72392801]
[ 0.46520119  1.20777894]
[ 0.48756789  1.23825598]
[ 0.5643123   0.47838093]
[ 0.81224004  1.09232248]
[ 1.13697021  1.2542841 ]
[ 1.05193606  0.64073565]
[ 0.78411255  1.61852639]
[ 0.55679084  1.4964185 ]
[ 1.10170896  1.10568796]
[ 0.81264679  1.50079963]
[ 1.14569956  1.37504611]
[ 0.88453901  1.22629733]
[-0.01707828  0.56764005]
[ 1.27155555  1.11516698]
[ 0.46843183  1.24642588]
[ 0.82033933  1.57377833]
[ 0.6516924   1.33096336]
[ 0.22363568  0.70020768]
[ 0.41498457  0.91456628]
[ 0.22104479  1.22518474]
[ 0.41335698  1.16974873]
[-0.57700013 -1.027504  ]
[-0.61629293 -0.93336619]
[-0.45593616 -1.15858754]
[-0.82489203 -1.03450574]
[-0.8843888  -0.99384142]
[ 0.16935223 -0.95150607]
[-0.48746093 -0.66603241]
[-0.3626986  -0.87071586]
[ 0.0317831  -0.78083792]
[ 0.09612357 -0.9287087 ]
[-0.11906811 -0.46051595]
[-0.16298067 -0.4955455 ]
[-0.24968977 -0.43808534]
[-1.39716325 -0.92277175]
[-0.83306317 -0.73650871]
[-1.21482208 -1.11220845]
[-0.60951113 -0.88728957]
[-0.83384638 -1.1562636 ]
[-0.84382633 -0.66280725]
[-0.34786134 -0.66531964]
[-0.75894241 -0.72059725]
[-0.23817809 -1.19992786]
[-0.31392809 -0.83507684]
[-0.78579231 -0.55427778]
[-0.28404523 -1.21004567]
[-1.43202099 -1.42003437]
[-0.5714196  -0.75526926]
[-0.87402701 -0.77132038]
[-0.85689508 -0.79605044]
[-0.31221566 -1.0103485 ]
[ 1.09990983  0.73069146]
[ 2.14829942  1.07515134]
[ 1.14265444  0.7149776 ]
[ 0.96881768  1.36512304]
[ 1.21858528  0.63333056]
[ 0.73054555  0.8038734 ]
[ 1.0553283   0.87952108]
[-0.24847865  0.42250447]
[ 0.94872787  0.18359727]
[ 1.70690102  0.56329708]
[ 0.93741102  0.37129659]
[ 1.21188244  1.06606122]
[ 1.24536545  0.39767107]
[ 0.92362642  1.15734896]
[ 1.29924677  1.61372423]
[ 1.01900736  0.4560752 ]
[ 1.40320873  1.28718714]
[ 1.01143621  0.85329744]
[ 2.23025767  0.68947486]
[ 1.02045014  0.98228224]
[ 1.440907    0.30779952]
[ 1.37072983  0.65057461]
[ 1.403114    0.14259757]
[ 1.61546865  1.65746207]
[ 1.4805609  0.4790839]
[ 0.80950676  0.76025328]
[ 1.28464381  0.78240077]
[ 1.14334015  0.25796688]
[ 1.21434353  1.56850977]
[ 1.42944549  0.5292924 ]
[ 0.222937    0.67757782]
