[-1.14729734 -1.03318182]
[-0.80956865 -0.72501969]
[-1.55264396 -0.45903563]
[-0.87450096 -1.4600612 ]
[-0.63752122 -1.63432963]
[-2.01447369 -1.73942195]
[-1.23426493 -2.04655574]
[-1.18519406 -0.85170243]
[-0.9705746  -1.09109395]
[-1.25178719 -0.63123981]
[-1.2227564  -0.95614343]
[-0.92045935 -0.86588131]
[-1.14729734 -1.03318182]
[-1.34062646 -1.07058469]
[-1.1807386  -1.04317644]
[-0.43463755 -0.57385924]
[-0.34913994 -0.90949614]
[-1.06293024 -1.26642021]
[-1.68749958 -0.8136534 ]
[-1.40649897 -1.16008677]
[-0.01833258 -1.04602948]
[-1.23191346 -0.56231437]
[-1.31731507 -0.9175058 ]
[-1.01151408 -1.15369308]
[-1.17478716 -1.39419383]
[-1.24400715 -1.0566034 ]
[-1.43526035 -0.96124925]
[-1.19867092 -1.08120688]
[-0.50199893 -0.9535308 ]
[-0.53212781 -0.79684744]
[-0.84571588 -1.10108816]
[-1.42371575 -0.43426359]
[-0.59074195 -1.01248293]
[ 0.63812752  1.01881896]
[ 1.10996318  0.34533912]
[ 0.79830789  0.92449605]
[ 0.36305407  0.96436101]
[ 0.66504366  1.21624385]
[ 0.57947413  0.94832649]
[ 0.27156249  1.10486683]
[ 0.81981139  1.21532277]
[ 0.00754523  0.73506702]
[ 0.33022403  1.26164948]
[ 0.48757417  0.85887573]
[ 0.12233528  1.58185276]
[ 0.53019366  1.35848193]
[ 1.08385253  1.39468581]
[ 0.62633615  1.1236519 ]
[ 0.1805231   1.03370227]
[ 0.85277635  1.02359596]
[-0.01453666  0.81203423]
[ 0.47729996  0.81422689]
[ 0.45090081  0.88738942]
[ 0.88084514  0.55960793]
[ 0.03001966  0.94233358]
[ 0.59624835  1.42137605]
[ 0.12267229  0.75768775]
[ 0.31518249  0.62596389]
[ 0.55438088  1.39563282]
[ 0.72802001  0.86542671]
[ 1.36374951  1.03869713]
[ 0.26375664  1.04046906]
[ 0.72017552  1.18917948]
[ 1.0208194   1.07819829]
[ 0.61234916  1.0685731 ]
[ 1.01426284  1.13861863]
[ 0.37927047  1.30007752]
[ 0.25906153  0.74787883]
[ 0.15508329  0.67980177]
[ 0.68651699  0.8682378 ]
[ 0.42395402  1.39681051]
[ 0.63031092  0.95982344]
[ 0.23422977  0.47050056]
[-0.70094112 -1.03318182]
[ 0.05849094 -1.29634426]
[-0.72224224 -1.15871515]
[-1.18904602 -1.32101338]
[-0.94085823 -1.35469787]
[-0.65976684 -1.38615445]
[-1.27439857 -1.13999007]
[-1.28317965 -0.77657122]
[-1.30595168 -0.83271654]
[-0.42689952 -0.56967618]
[-1.20049374 -0.92974167]
[-0.83907698 -1.68147249]
[-0.95189118 -1.02632668]
[-1.32934667 -1.08101662]
[-1.1873176 -0.9379034]
[-1.76724635 -0.9878012 ]
[-2.02005553 -1.05973446]
[ 0.15535229 -1.45228424]
[-0.99253729 -1.06780964]
[-0.03701112 -0.92346471]
[-1.07610336 -0.90393943]
[-0.04755502 -0.76497452]
[-0.38644635 -1.24550445]
[-0.48134928 -1.1291186 ]
[-0.99968468 -1.02076391]
[-1.03414923 -0.71441321]
[-1.1092968 -0.7233672]
[-1.25242706 -1.40392492]
[-0.40668014 -1.28521094]
[ 1.08448373  0.67681883]
[ 1.06890258  0.5385824 ]
[ 0.88272158  0.65231029]
[ 0.89078792  0.3506602 ]
[ 1.93894947  0.86345878]
[ 1.16046732  1.04691447]
[ 1.17742183  0.05162593]
[ 0.40136187  0.97352474]
[ 0.58948694  1.07681518]
[ 1.32212696  0.55985945]
[ 1.06602236  0.45267607]
[ 1.44592622  0.45887751]
[ 0.95051028  0.78348516]
[ 1.15528893  0.72276115]
[ 0.58356691  0.95269824]
[ 1.24770039  1.05982024]
[ 1.41513382  0.59805996]
[ 0.9567285  -0.04634855]
[ 1.41244788  0.75845928]
[ 0.76035125  0.93976926]
[ 1.61965773  0.98912604]
[ 0.76444685  0.99564621]
[ 0.38290313  0.69826509]
[ 1.38185271  0.65397924]
[ 0.91684066  1.085438  ]
[ 2.25822609  0.87782887]
[ 1.5506146   0.72747338]
[ 1.0779777  -0.00631426]
[ 1.17466068  0.97119396]
[ 0.13929001  0.82479927]
[ 1.18344153  0.43885278]
[ 0.82428192  0.41160177]
[ 1.9731841   1.00711439]
[ 0.32828947  0.26403999]
[ 1.3824476   1.07368645]
[ 0.5248418   0.39152446]
