[-1.0145024  -0.95330377]
[-0.77168796 -0.87473711]
[-1.14367127 -0.79590708]
[-1.70213385 -1.31569762]
[-0.85607913 -0.88268376]
[-0.29312149 -1.4583842 ]
[-1.28392085 -0.705156  ]
[-1.25946001 -1.05697274]
[-1.30897484 -1.05026986]
[-1.12238101 -1.24581605]
[-0.41296204 -1.11643128]
[-0.79327412 -1.74046654]
[-0.47920138 -0.29441462]
[-0.74604273 -1.23701892]
[-1.5647407  -0.90723791]
[-1.25514212 -1.00225711]
[-1.95057637 -0.22569341]
[-1.0145024  -0.95330377]
[-0.39555865 -0.46866981]
[-1.32660442 -0.97306079]
[-1.00503827 -0.89748368]
[-1.49860147 -0.7543397 ]
[-1.00253527 -1.23328685]
[-1.59416146 -1.12048248]
[-1.16593909 -0.81772756]
[-1.81584845 -1.14307757]
[-1.38398153 -1.68502409]
[-1.1696195  -0.87050829]
[-0.87686239 -0.98494039]
[-1.21215537 -0.82921481]
[-1.42072933 -0.98670221]
[-1.50925546 -1.16314125]
[-1.31167487 -1.05920881]
[-0.88468589 -1.12489679]
[-0.57526796 -0.9004691 ]
[-1.57080122 -0.75453781]
[-1.31774952 -0.73225413]
[-0.66570805 -0.70194494]
[-1.52921739 -0.56871605]
[-0.84556276 -0.76454497]
[-0.92847174 -1.01082408]
[-0.67681586 -0.74883367]
[-0.6768978  -1.09171973]
[-0.85323233 -1.5423619 ]
[ 0.68298756  1.09247163]
[ 1.01708852  0.85488382]
[ 0.31144006  1.2187639 ]
[ 0.17673847  1.22420907]
[ 1.48941806  1.4707458 ]
[ 0.86049148  1.33213739]
[ 0.49326768  1.0657857 ]
[ 0.73724086  0.31012823]
[ 0.57751621  1.41753084]
[ 0.35114183  0.84260828]
[ 0.95780524  1.1945559 ]
[ 0.83668932  1.61924368]
[ 0.47329397  0.65346651]
[ 0.67706825  0.9252463 ]
[ 1.0172141   0.75155657]
[-0.05341528  1.02062364]
[ 0.79428286  1.56297437]
[ 1.0013737   0.80487257]
[ 0.95400531  1.56030488]
[ 0.47388391  1.2653026 ]
[ 0.46073338  1.23623997]
[ 0.40553522  1.35040152]
[ 0.81715742  1.03222138]
[ 0.45597708  0.90054622]
[ 1.16947599  1.45112351]
[ 0.85481926  1.08407969]
[ 1.31462783  1.21840024]
[ 0.01908988  0.56270245]
[ 1.79996449  1.37057433]
[ 1.81269372  0.79486068]
[ 0.93992427  0.48492384]
[ 0.27099268  1.15651896]
[ 0.64476063  1.03756471]
[ 0.65545854  1.07707369]
[ 0.99208115  1.2356212 ]
[ 1.26789898  0.91177713]
[ 0.47416174  0.959953  ]
[-0.59012991 -0.95330377]
[-1.53282934 -0.9102829 ]
[-0.57642922 -0.53804419]
[-0.44599032 -1.03734411]
[-0.43297907 -0.89373529]
[-0.08817814 -0.66696343]
[ 0.13816256 -1.08754451]
[-0.52964748 -1.03747525]
[ 0.48512038 -0.70804198]
[-0.35214103 -1.38481674]
[ 0.25141209 -0.7502369 ]
[-0.73281402 -1.21226428]
[-0.61982331 -1.4094992 ]
[-1.666151   -1.53041991]
[-1.39697537 -1.24255839]
[-1.05107653 -1.15272309]
[-0.98062752 -0.68967541]
[-1.13612272 -0.75725996]
[-0.57614644 -0.83678532]
[-0.38197778 -0.7113808 ]
[-0.02580009 -0.38989857]
[-0.74894078 -1.05582564]
[-0.12395812 -0.50687776]
[-0.63170021 -0.79984679]
[-1.00816143 -0.8011673 ]
[-0.17893547 -0.89635646]
[ 1.10736005  0.75150907]
[ 1.15260027  0.75417167]
[ 1.34224556  0.21327713]
[ 0.83055451  0.77217873]
[ 0.92113024  0.57712978]
[ 1.2189392   0.41249267]
[ 0.85907664  0.72545565]
[ 0.81237812  0.71089709]
[ 0.38071105  1.41505743]
[ 0.593843    0.61393252]
[ 0.6259651   0.53201956]
[ 0.65773861 -0.36931122]
[ 0.87715423  1.13567418]
[ 1.07597853  1.05616405]
[ 1.31345053  0.15638635]
[ 1.21247729  0.89653725]
[ 1.30779606  1.00885941]
[ 0.80679341  0.51281007]
[ 1.01194024  0.48161783]
[ 1.09046281  0.38983565]
[ 0.77613056  1.61655573]
[ 0.59488341  0.6923509 ]
[ 0.99656244  1.20894771]
[ 1.48004025  0.55906756]
[ 1.08984698  0.57505183]
[ 0.83444807  1.15537587]
[ 0.66230293  0.56451367]
[ 1.25943633  1.11051857]
[ 1.17352612  0.94296507]
[ 1.39483101  0.86832259]
[ 1.4585801   1.25040742]
[ 1.97092985  0.81058595]
[ 0.65815824  1.28752479]
[ 0.49740362  0.81723469]
[ 0.88763122  0.4459397 ]
