[-0.93561149 -0.93003238]
[-0.97584997 -1.59118587]
[-1.34595889 -0.23900892]
[-0.54367262 -0.35678478]
[-0.94937457 -0.44738977]
[-1.32484443 -0.60520314]
[-0.77135793 -0.31536609]
[-0.93038033 -0.79282956]
[-1.12625557 -1.33306186]
[-0.41328969 -0.70103721]
[-0.7501777  -1.03772691]
[-0.99432503 -0.99280057]
[-1.3672535  -0.71918554]
[-1.03492687 -1.13726663]
[-0.8781956  -0.76350825]
[-0.45869424  0.0411485 ]
[-1.68223038 -0.95116212]
[-0.27267174 -1.12767135]
[-0.71131403 -0.72230335]
[-0.80957534 -0.81801867]
[-0.93561149 -0.93003238]
[-0.73141554 -0.77847326]
[-1.32546742 -0.61495098]
[-1.18871251 -0.3172035 ]
[-0.6158275 -0.2985835]
[-1.50407957 -1.11703257]
[-0.40966375 -1.01732029]
[-0.26436147 -0.92972841]
[-1.33416007 -0.96206795]
[-0.74684495 -0.95289946]
[-0.8014205  -0.64965851]
[-0.99987397 -0.5206465 ]
[-1.42226878 -0.65832994]
[-1.29500331 -1.07712673]
[-1.17541774 -0.71644968]
[-0.74845595 -1.2129651 ]
[-1.70248583 -0.96528265]
[-0.63672978 -1.15408462]
[-0.89525748 -1.27816442]
[-0.62458917 -1.10777242]
[-1.94142581 -1.55569264]
[-0.4605619  -0.67165564]
[-1.50609072 -0.34251746]
[-0.72344984 -0.79347343]
[-0.77086569 -0.60902671]
[-0.52618099 -1.29428842]
[-0.4589346  -0.72466216]
[-0.89129106 -1.2920076 ]
[ 0.80440213  1.16978536]
[ 0.71657635  1.36396853]
[ 0.42375464  1.18468478]
[ 0.55568111  0.60866841]
[ 0.61462292  1.463044  ]
[ 0.73757729  1.34450683]
[ 0.64356329  0.64533351]
[ 0.78253071  1.46272627]
[ 0.80240702  0.76241165]
[ 0.30683027  1.24012623]
[ 0.49061673  1.39392689]
[ 0.0886284   1.51217381]
[ 0.64719517  1.50928378]
[ 0.89289842  1.99470179]
[ 0.79841391  1.39142624]
[ 0.13137184  1.34375175]
[ 0.78306705  1.01739514]
[ 0.93327806  1.23163451]
[ 0.53283132  0.82368302]
[ 1.40175094  1.3559544 ]
[ 0.59677295  0.38900483]
[-0.24729263  0.52273286]
[ 1.09177714  1.10686856]
[ 0.3125566   0.90805423]
[ 0.99243834  0.91437026]
[ 1.21048959  1.4512286 ]
[ 0.28811878  1.13068135]
[-0.23892495  1.34373451]
[ 1.0156691   1.37700132]
[ 0.80280449  1.59348297]
[ 1.6611587   1.26078845]
[-0.50060809 -0.93003238]
[-1.36051462 -0.94873392]
[-0.83328346 -0.96024242]
[-0.46642484 -1.29532585]
[-0.27131302 -0.7716771 ]
[-1.42675013 -0.25854638]
[-1.35097298 -1.19267961]
[-0.90646142 -0.94651588]
[-0.11709298 -1.01262114]
[-0.58179604 -0.93642038]
[-0.30629283 -0.31709413]
[-1.24607898 -0.50853718]
[-0.63269111 -1.11393879]
[-0.6321876  -1.39371039]
[-0.69970727 -1.12774214]
[-0.34298545 -0.8772217 ]
[-0.21144065 -0.92948126]
[-0.47048825 -0.5846412 ]
[-1.17946994 -0.80346806]
[ 0.05756733 -0.69150791]
[-0.70272742 -1.26984795]
[-0.39966402 -0.94096631]
[-0.32129597 -0.16017905]
[-0.33509663 -1.10849834]
[-0.59938122 -0.98475194]
[-0.62823446 -1.22783728]
[ 0.17751134 -1.02306542]
[-0.04576446 -0.40870849]
[ 1.23940553  0.81981574]
[ 1.92653836  1.42222972]
[ 1.38344584  0.40856233]
[ 1.0506962   0.66887526]
[ 0.93443013  0.87331689]
[ 1.8791654   1.18000065]
[ 0.42644361  0.96561865]
[ 1.26852334  0.53853995]
[ 1.18594888  0.78022611]
[ 1.06194527  0.94570443]
[ 1.83034312  1.13737443]
[ 0.77232698  0.67395399]
[ 0.71547169  0.98529983]
[ 1.25076522  0.49113293]
[ 1.558555    0.43928196]
[ 1.17289414  0.98168789]
[ 1.13444703  0.99601815]
[ 1.09519579  0.67740067]
[ 1.5028593   0.99909973]
[ 1.34240356  1.47090174]
[ 0.97976975  0.66555176]
[ 1.60441927  1.44137307]
[ 1.22158118  0.67190769]
[ 1.63295495  1.14132609]
[ 0.96343658  0.42110593]
[ 0.42622063  1.10699012]
[ 1.66098864  0.72171646]
[ 1.56298377  0.48937197]
[ 1.26544491  0.73198248]
[ 1.17187423  0.46131549]
[ 1.60893492  1.30851928]
[ 1.84207367  1.37314783]
