[-1.02411016 -0.93277913]
[-1.62219223 -0.64953535]
[-1.13374434 -0.36259824]
[-1.50027127 -1.01489857]
[-1.04087589 -0.89358636]
[-1.47814767 -0.50566337]
[-0.33654478 -0.83122817]
[-1.11995106 -1.05561602]
[-1.58209717 -0.92372436]
[-1.12835338 -0.84126631]
[-0.58687055 -0.7408994 ]
[-0.7926213  -1.35991421]
[-0.83693553 -1.41247741]
[-0.28908675 -1.16228413]
[-1.58741484 -1.14411186]
[-1.49377095 -1.23450098]
[-1.32809864 -0.61145747]
[-1.05418017 -0.83471861]
[-0.56882781 -0.87048092]
[-1.02411016 -0.93277913]
[-1.26800215 -1.49123134]
[-1.10016607 -1.42452577]
[-0.49062149 -1.28658936]
[-0.84864968 -0.70273286]
[-0.7963271  -0.55483152]
[-1.70903527 -1.17364054]
[-0.94352432 -1.06332225]
[-1.06364618 -0.98102845]
[-1.0167982  -0.78586254]
[-0.29780494 -0.49741403]
[-1.28006769 -1.36350529]
[-0.51149795 -0.71819564]
[-1.03570441 -0.96712888]
[-1.9557146  -1.58799982]
[-0.78786491 -0.92715216]
[-0.7918971  -0.65719163]
[-1.16541909 -1.00446721]
[-0.80151929 -1.20576057]
[-1.25486593 -0.30927725]
[-1.20328348 -0.69561022]
[-1.12876115 -1.0832547 ]
[-0.20188599 -0.97220949]
[-0.43510705 -1.0118794 ]
[-1.29399223 -0.70171121]
[-1.53357217 -0.8006848 ]
[-1.29320227 -0.81182261]
[-1.03571978 -1.68539814]
[-1.27526451 -1.12810859]
[-0.91625178 -0.97848014]
[-1.19286467 -1.39092194]
[ 0.77821189  1.08088963]
[ 1.21828463  1.10507644]
[ 1.16991421  1.2172469 ]
[ 0.39102445  0.80719977]
[ 0.22874499  0.50137861]
[ 1.01132926  1.03956684]
[ 1.06731736  0.59538461]
[ 0.20073818  1.08951815]
[ 0.4237035   1.30991318]
[ 0.93306487  1.12040218]
[ 0.12993869  1.25160164]
[ 0.87604213  1.3876106 ]
[ 0.69926464  1.01709211]
[ 0.36215134  1.151465  ]
[-0.26874405  1.41128154]
[ 1.02854078  1.16577343]
[ 1.07413963  0.97825173]
[ 0.53766936  1.25961831]
[ 0.67379786  1.03781674]
[ 1.76624579  1.83830504]
[ 0.45534675  1.15513148]
[ 0.84283149  1.01632044]
[ 0.7647936   1.16008785]
[ 0.10941082  1.1007953 ]
[ 1.24866016  1.18847532]
[ 0.87014034  0.54253173]
[ 1.07990292  0.86367752]
[ 0.3501633   1.11453833]
[ 0.82283291  0.98753603]
[ 0.43552849  1.1673171 ]
[ 0.2187768   1.14003478]
[ 0.19118888  1.04163788]
[ 0.92021063  0.8829494 ]
[ 1.42491472  1.58804571]
[ 0.34122471  2.02312493]
[ 1.02680086  1.31219356]
[ 1.31883574  1.10048041]
[ 0.90553485  1.22057793]
[ 1.02682699  1.39758163]
[-0.57352965 -0.93277913]
[-0.308503   -0.95302589]
[-0.24958288 -0.99008337]
[-0.86875479 -0.6803659 ]
[-0.93243885 -1.32664092]
[-0.63687819 -1.2809509 ]
[-0.73483506 -0.67458674]
[ 0.07574644 -0.86815261]
[-1.13472942 -1.10210052]
[-1.28904459 -0.49730102]
[-0.95153507 -0.91230611]
[ 0.02824144 -0.95664632]
[-0.64544485 -1.37838366]
[-0.49146218 -0.84534996]
[-0.84937436 -0.75978118]
[-1.25374187 -0.73360614]
[-0.3377487  -1.10518917]
[-0.80164815 -1.36696371]
[ 0.27299396 -1.04209838]
[-0.29669235 -1.15344411]
[-0.55110594 -0.74832864]
[-2.04248202 -1.08941493]
[-1.03570156 -0.337637  ]
[-1.14451237 -1.26846404]
[-0.30458134 -1.17389764]
[-0.71906121 -0.67311711]
[ 1.2287924   0.74527817]
[ 1.60871667  0.51871693]
[ 0.86936675  0.7547777 ]
[ 0.74700017  0.78208727]
[ 0.83077139  1.02661411]
[ 1.34306195  0.81732089]
[ 0.93737705  0.81770936]
[ 1.42322153  0.63776417]
[ 0.52957269  0.6782425 ]
[ 1.11527226  0.64066161]
[ 0.81113142  1.3227678 ]
[ 1.05351569  0.79822547]
[ 1.38924889  0.98862118]
[ 0.95788003  1.05359883]
[ 0.80429447  0.83045501]
[ 0.81215179  0.65287834]
[ 0.51517065  0.85551522]
[ 1.55431701  0.66070594]
[ 0.84138697  0.83033222]
[ 1.61254008  0.94820395]
[ 0.44978284  0.22923043]
[ 0.79861637  1.02836106]
[ 1.16396984  0.72895781]
[ 0.65353256  0.7675366 ]
[ 1.44207887  0.26634638]
[ 0.73727624  0.31762122]
[ 1.2358953   1.05705725]
[ 0.70439673  0.43514635]
[ 1.05056924  1.07923217]
[ 1.26022491  0.78121506]
[ 1.40699951  0.985306  ]
[ 0.84743683  0.45064018]
[ 1.06412615  0.43437431]
[ 0.58816893  1.11849325]
[ 1.24447836  0.95792856]
[ 1.08069391  0.84858251]
[ 0.82571827  0.32824119]
[ 1.20772984  0.01535163]
[ 1.21812658 -0.16923175]
[ 1.31372702  0.7377767 ]
