[-1.04871482 -0.96387809]
[-1.51799918 -1.40897541]
[-1.12513465 -1.52437713]
[-1.17971551 -0.66970221]
[-1.01773959 -1.50417996]
[-0.96526511 -0.9429973 ]
[-0.53266752 -0.77970236]
[-1.04109207 -0.40802266]
[-0.61010293 -0.6496774 ]
[-1.140908   -1.24122376]
[-0.41368759 -1.14654418]
[-1.15320796 -1.10831761]
[-0.63262561 -1.39085195]
[-0.53812335 -1.52924982]
[-1.04871482 -0.96387809]
[-0.24682851 -1.02776964]
[-1.1936337  -1.00664717]
[-0.98133906 -1.05663085]
[-0.99612246 -0.95517706]
[-0.87180174 -1.16638202]
[-1.26229177 -0.70706181]
[-1.09649032 -0.07682842]
[-0.6896246  -1.04557228]
[-1.41421366 -0.32872636]
[-1.31380689 -0.81481262]
[-1.57842795 -0.87670073]
[-1.49901712 -1.57629927]
[-1.35791274 -0.71475244]
[-1.66514543 -1.4286543 ]
[-1.3925641  -1.16739285]
[-1.22610512 -1.36554521]
[-1.00752224 -0.97018761]
[-1.00124429 -1.11096832]
[-0.3835961  -1.10027964]
[-1.67634963 -0.76696857]
[-1.10404856 -0.50815232]
[-1.1563003  -0.59794024]
[-1.36176568 -1.08591637]
[-1.52934455 -0.84757346]
[ 0.7497889   1.04694207]
[ 0.7539288   1.60440386]
[ 0.48673743  0.78687228]
[ 0.49050225  1.07605827]
[ 0.53680156  1.19402095]
[ 0.1978563   1.16259084]
[ 0.38331601  0.91246841]
[-0.013564    0.75038973]
[ 0.38166543  0.97023383]
[ 0.56404148  1.31911621]
[ 1.06342238  0.8190453 ]
[ 0.31951993  1.40290677]
[ 1.32434982  0.88024281]
[ 1.3173571   0.95310154]
[ 1.18701359  0.66488073]
[ 0.56213899  1.14889837]
[-0.06128007  1.67014538]
[ 1.18231011  0.99956143]
[ 0.12804864  1.19237479]
[ 1.13261969  1.15890528]
[ 0.49302051  0.47223687]
[ 0.71478364  1.28458823]
[ 0.19737792  1.04493728]
[ 0.44914418  0.83023278]
[ 0.6488145   1.43946693]
[ 0.00402194  0.93447597]
[ 0.52762353  1.11402835]
[ 0.18611153  0.9508706 ]
[ 0.63510573  1.34134934]
[ 1.10446674  0.85127478]
[ 1.63231739  0.74571197]
[ 0.48514001  1.28711107]
[ 0.37233379  1.28598962]
[ 1.30000933  0.69825826]
[ 0.32178004  0.88938036]
[-0.4921409  1.5750739]
[ 0.91431433  0.77535547]
[-0.59908889 -0.96387809]
[-0.96710812 -0.97160553]
[-0.88253333 -1.17125545]
[-0.07002584 -0.83320644]
[-0.52634683 -0.55601011]
[-1.03901377 -0.85939171]
[-0.88744609 -1.85503927]
[-0.45584097 -1.06680702]
[-0.62962584 -0.68965958]
[-1.94741829 -1.05983685]
[-0.60105721 -0.39482132]
[-0.49032686 -1.18093666]
[-1.6609714  -1.21011753]
[-0.68385038 -0.90889901]
[-0.60034837 -1.5079653 ]
[ 0.12434488 -0.61570895]
[-0.64030759 -0.74179088]
[ 0.24118372 -0.82932388]
[ 0.03474716 -0.98226497]
[-0.27350216 -0.49679529]
[-0.78613875 -0.72388455]
[-1.21722185 -1.43772611]
[-0.56112562 -0.92679945]
[-0.73398593 -1.09693951]
[-0.7888997  -1.29938588]
[ 1.19941483  0.71180537]
[ 1.67469791  0.86060992]
[ 0.83526878  0.8289031 ]
[ 1.49084927  0.79572016]
[ 1.35663001  0.86814579]
[ 0.96433882  0.48775605]
[ 1.08080396  0.57215701]
[ 1.12620426  0.93575267]
[ 1.83210771  0.39386366]
[ 1.67034659  0.35747522]
[ 1.18746191  0.19023038]
[ 0.89210052  1.22608304]
[ 1.02282786  0.48990375]
[ 1.13826168  0.63232073]
[ 0.90696915  0.41188422]
[ 1.20785952  0.36537344]
[ 0.5846863   0.91833171]
[ 1.76259476  0.60223043]
[ 0.79859931  0.65009868]
[ 0.87881098 -0.02449544]
[ 1.57669928  0.67941735]
[ 0.85403115  0.92291176]
[ 1.00526198  1.01124555]
[ 1.6166396  0.514173 ]
[ 0.40637237  1.07216913]
[ 0.78682487  0.71711417]
[ 0.86857907  0.93741832]
[ 1.03454894  1.26267236]
[ 0.81137127  1.12190718]
[ 0.41631889  0.77151737]
[ 0.1332208  1.3639058]
[ 1.52706553  0.12741539]
[ 1.7845368   0.90504898]
