[-1.06069233 -0.88229356]
[-1.15713334 -0.34243392]
[-0.53399261 -1.11313947]
[-0.89648391 -0.65138462]
[-0.55461904 -1.24266569]
[-0.99501745 -1.25095559]
[-1.20877657 -1.66392578]
[-1.10599274 -0.84137317]
[-0.86621193 -1.26183759]
[-0.03483592 -0.2311573 ]
[-1.63598222 -0.85605536]
[-1.3267604  -1.21324543]
[-1.14749081 -1.0503958 ]
[-1.13304141 -0.52740457]
[-0.58439235 -0.64831548]
[-1.3732537  -0.83991972]
[-0.99757311 -1.0046979 ]
[-0.886197   -1.25380849]
[-1.06069233 -0.88229356]
[-1.28625092 -0.53242596]
[-0.95762448 -0.72914794]
[-1.02427226 -0.21670837]
[-1.80482805 -0.9919539 ]
[-1.01446612 -0.70881525]
[-1.22293694 -1.47962714]
[-1.43644725 -1.33317628]
[-1.19989937 -0.35721159]
[-0.89544441 -0.70028673]
[-1.10406927 -0.33703611]
[-1.12318844 -1.153607  ]
[-0.65041787 -1.27008689]
[-1.07461609 -1.0432163 ]
[-1.64449249 -0.78142493]
[-1.14687282 -1.10337234]
[-1.41734126 -0.87709085]
[-1.03083232 -0.99848693]
[-0.64620989 -1.12703886]
[-1.28122082 -0.8804156 ]
[-1.00600061 -0.9809012 ]
[-1.09743502 -0.80079267]
[-1.10098057 -0.4772887 ]
[-1.10211344 -0.92915145]
[-0.75415703 -0.5547336 ]
[-1.08921197 -0.86189121]
[-1.1699693  -0.77179839]
[-1.16537451 -0.71271547]
[-0.97106896 -0.72746436]
[-1.77865257 -0.74913761]
[ 0.62772786  1.16336474]
[ 0.53307731  0.75475064]
[ 0.15230923  1.11471126]
[ 0.81999861  0.76770424]
[ 0.38836331  1.39081561]
[ 1.3368332  1.8547009]
[ 0.59040079  0.95645491]
[ 0.22834884  1.03279105]
[ 0.39123651  1.70476495]
[ 1.22817958  0.78758813]
[ 0.74489153  1.21594215]
[ 0.6594119   0.91109466]
[ 0.71681982  1.30817045]
[ 0.91970184  0.97512054]
[ 1.21620003  1.29867983]
[ 0.53192225  1.49118162]
[ 0.74192561  1.38137144]
[ 0.75718346  0.96370558]
[ 0.56055552  1.24057996]
[ 1.10392031  1.24296307]
[ 0.58568558  1.10267287]
[ 0.58154159  1.49195364]
[ 0.4888248   1.03219482]
[ 0.812115    1.04594706]
[ 0.45784116  0.54033918]
[ 0.33668213  0.8890491 ]
[ 0.42185887  1.0491725 ]
[ 0.41659511  0.84033983]
[ 0.40637105  1.66540838]
[ 0.96273766  0.98844097]
[ 0.14312251  1.28248413]
[ 0.65875272  0.92821611]
[ 1.38946503  0.74902523]
[ 0.46329258  1.11581967]
[ 0.87919289  1.0458603 ]
[-0.63858729 -0.88229356]
[-0.23233634 -0.52227919]
[-0.88630677 -0.96026913]
[-0.306114   -1.25219829]
[-0.79898831 -1.10957992]
[ 0.2180048  -0.76636123]
[-0.25475067 -0.85905846]
[-0.77727303 -1.79049658]
[-0.30475969 -1.04192869]
[-0.31790588 -0.84015087]
[-0.04671717 -0.83452791]
[-0.9531773  -0.78825127]
[-0.21222705 -0.71328858]
[-0.86867626 -1.4503713 ]
[-0.95621834 -0.73043811]
[-0.5105395  -1.30054802]
[-0.38656143 -1.08808495]
[-0.05939809 -1.22839397]
[-0.08192782 -0.86657591]
[-0.46496077 -1.2752233 ]
[-0.03190471 -0.98594151]
[-1.02030934 -0.72597419]
[-0.72456619 -1.22929983]
[-0.38013673 -0.87565734]
[-0.56790765 -0.93240828]
[-1.26308669 -0.96074397]
[ 1.0498329   0.82242169]
[ 0.96966421  1.32015479]
[ 0.94463746  1.08120766]
[ 1.41059857  1.359749  ]
[ 1.38241359  0.72176657]
[ 0.71016186  0.32547833]
[ 1.38082928  1.0990304 ]
[ 1.01860414  0.70669211]
[ 0.86218242  0.56769769]
[ 1.59731266  0.76314681]
[ 1.21584366  0.37481139]
[ 0.82429363  0.74700611]
[ 1.61859455  0.91983548]
[ 1.11711222  1.32508864]
[ 1.74687414  0.27749232]
[ 1.03608805  0.74290384]
[ 0.32027437  0.4241229 ]
[ 1.19842134  0.82279124]
[ 0.86340609  1.13910744]
[ 1.46304601  1.18264094]
[ 1.67351144  1.05827564]
[ 1.49580001  0.98780622]
[ 1.45835459  0.56038479]
[ 1.00170434  0.93623189]
[ 1.09061376  0.90714633]
[ 0.75242535  1.39604566]
[ 0.13475211  1.04589129]
[ 1.25724258  1.09950821]
[ 1.48166568  0.58567254]
[ 1.37382097  0.62752958]
[ 1.2007005   0.52033162]
[ 0.89447702  0.88408829]
[ 2.25030435  0.96394622]
[ 0.77859065 -0.1560714 ]
[ 1.75562578  0.49133923]
