[-1.00897697 -0.90233749]
[-1.03825175 -0.84131222]
[-0.93395832 -0.78434931]
[-1.26570834 -0.79920913]
[-0.82621854 -1.11197805]
[-0.72575247 -1.50079538]
[-0.67622551 -0.776494  ]
[-1.07027039 -0.69397846]
[-1.08120129 -1.14196042]
[-1.04109608 -1.32895649]
[-0.42363168 -0.27943645]
[-1.05416464 -0.75457588]
[-1.00897697 -0.90233749]
[-1.10173186 -0.42883278]
[-1.22615706 -0.78248176]
[-0.6083923  -0.70989427]
[-0.71746484 -0.87782021]
[-1.25969059 -0.67537804]
[-1.73184807 -0.87532145]
[-1.33518102 -1.56372057]
[-0.81410325 -0.97685212]
[-1.8498152  -0.85692804]
[-1.36881512 -1.08597749]
[-0.96057135 -0.58576366]
[-1.2860064 -0.9728674]
[-0.67594293 -0.6264848 ]
[-0.65095123 -1.21650434]
[-1.17950641 -0.37462957]
[-0.85158366 -1.15842757]
[-1.36787189 -1.19979476]
[-1.17244418 -0.79342086]
[-0.75912179 -1.36720788]
[-1.40641744 -0.62395637]
[-1.36588765 -1.08666666]
[-1.13988668 -1.03429301]
[-1.29644511 -0.46579947]
[-1.22568238 -1.04588544]
[-1.67116733 -0.85518131]
[-1.05144875 -0.69096128]
[-1.39515037 -1.45649294]
[ 0.70855503  1.12396582]
[ 0.9077932   1.15079995]
[ 0.31541687  1.10063495]
[ 1.42854491  1.63324387]
[ 0.25856055  1.09584737]
[ 0.14593792  0.88587394]
[ 1.36882754  0.98809593]
[ 1.3364046   1.31961163]
[ 0.94487933  0.80815124]
[ 0.82643992  1.07957161]
[ 0.92216236  1.17391128]
[ 0.34932878  0.7717058 ]
[ 0.07435605  0.66166555]
[ 0.19434772  1.43647409]
[ 0.57341712  1.26778804]
[ 0.89245444  1.19681829]
[ 0.75739043  1.162244  ]
[ 0.4372975   1.25067374]
[ 0.77648433  1.08089928]
[ 1.04554217  0.67206948]
[ 0.7463203   1.47949852]
[ 0.79982464  1.71912946]
[ 1.2837291   1.44484968]
[ 0.51778907  1.27676393]
[ 0.69417096  1.30049622]
[ 1.58195699  0.42457306]
[ 0.5763576  0.7320307]
[ 1.0099968   1.10601498]
[ 0.76972053  1.64795895]
[ 1.24388443  1.52021064]
[ 0.45295241  1.03880287]
[ 1.22466398  1.29566535]
[-0.57959397 -0.90233749]
[-0.02161618 -0.85821935]
[-0.44738229 -0.23717401]
[-0.22658844 -0.1768629 ]
[ 0.20085512 -1.20136776]
[-0.74977575 -1.47106565]
[-1.00899718 -0.51265375]
[-0.53153094 -1.00197975]
[-0.57416579 -0.83800746]
[-0.30532587 -1.26731084]
[-0.68494479 -0.78697531]
[-0.88401209 -1.49276776]
[-1.25018474 -0.99232603]
[-1.30265452 -1.34747096]
[-0.76313325 -0.59907696]
[-0.0738408 -1.3160656]
[-0.28802621 -0.91088047]
[-0.0261623  -0.89489019]
[-0.54997119 -1.1067641 ]
[-0.75729359 -1.12085303]
[-0.11968483 -0.50115693]
[-1.05073914 -0.43237512]
[-1.16655371 -0.8733803 ]
[-0.78905908 -1.82708835]
[ 0.60340074 -0.56736827]
[-1.08118781 -1.38581839]
[-0.85941424 -0.53864065]
[-0.8787857  -0.96574842]
[ 1.13793803  0.7862486 ]
[ 0.7637456   0.55282153]
[ 1.05430548  1.03598771]
[ 0.66648354 -0.06481726]
[ 1.20844088  1.0067442 ]
[ 1.59954055  0.86179433]
[ 0.99366263  1.45132758]
[ 0.34402602  0.72217277]
[ 0.49977433  1.12264303]
[ 1.09974859  0.51934226]
[ 0.70658173  0.78538808]
[ 0.62775982  0.59949568]
[ 1.02597183  0.79668305]
[ 0.78423642  0.67511738]
[ 0.854431    0.53390521]
[ 0.86946019  0.67963946]
[ 0.59914697  1.01756025]
[ 0.58328387  0.85376315]
[ 1.28874663  1.0897328 ]
[ 0.8284945   0.63350082]
[ 1.67303985  0.95762011]
[ 0.67577118  0.70902673]
[ 1.45507507  0.74928308]
[ 1.43287419  0.46970839]
[ 2.03693669  0.90556229]
[ 1.15421892  1.4012343 ]
[ 0.73668409  0.64510228]
[ 1.87102416  1.09826583]
[ 0.8006416   0.54896782]
[ 1.33586915  0.38660212]
[ 1.62306731  0.56110516]
[ 1.19307654  1.03644312]
[ 1.1005214   0.35787856]
