[-1.0995114  -0.98825421]
[-0.63121491 -1.11553272]
[-0.66070243 -0.95220077]
[-1.2639436  -1.14625296]
[-0.82084195 -1.08221233]
[-0.90243815 -1.70320227]
[-1.60055709 -1.18848126]
[-1.40876141 -0.61668035]
[-1.44413713 -1.0899559 ]
[-0.55430281 -1.34211397]
[-0.84370831 -1.23939579]
[-1.5561582 -0.5545094]
[-0.65732166 -0.85742564]
[-0.99679765 -0.92195158]
[-1.56035301 -1.22486541]
[-0.7736393  -1.56951108]
[-1.26028263 -0.74551531]
[-1.17730661 -0.84819383]
[-2.03021556 -0.67663515]
[-1.0995114  -0.98825421]
[-1.48238932 -0.96246515]
[-0.27804273 -0.77743766]
[-0.59133355 -0.67968166]
[-0.86813729 -1.26741741]
[-1.35925588 -0.59794093]
[-1.21403147 -0.8943824 ]
[-2.00350736 -1.10023525]
[-0.43026283 -1.53982843]
[-1.02709825 -0.88921565]
[-0.78650519 -0.89702967]
[-0.84950116 -0.84306859]
[-1.33742208 -0.66093828]
[-1.71993115 -1.10841932]
[-1.31651272 -0.93732397]
[-1.45717038 -1.44750648]
[-1.05701885 -1.74993414]
[-0.72821349 -1.38227293]
[-1.1240286  -1.67409358]
[-0.59678041 -0.67899746]
[-0.55192969 -1.18621177]
[-1.53582152 -0.34475616]
[-0.6642826  -0.99439183]
[-0.96423407 -0.54330626]
[ 0.67201679  1.08358274]
[-0.10611099  1.36683817]
[ 0.34007793  0.17649261]
[ 0.41516327  1.44797059]
[ 0.43462786  1.29280765]
[ 0.50441774  0.86696275]
[ 1.11855915  0.94112054]
[ 0.3740726   1.24804838]
[ 0.28615379  1.41624824]
[ 0.56928898  0.88940232]
[-0.40627332  1.31817965]
[ 0.73364219  0.5822832 ]
[ 0.79297753  0.8398193 ]
[ 0.9033304   1.03127945]
[ 0.78303963  1.05917251]
[ 0.65510693  1.04805174]
[ 0.31202164  1.05666483]
[ 0.18217174  1.24633568]
[ 0.38375348  0.76488286]
[ 1.75624477  0.98681448]
[ 0.52363438  1.28951794]
[ 1.29471615  1.09267782]
[ 0.78461182  1.38600362]
[ 0.92514898  0.59433698]
[-0.05399531  0.73511914]
[ 0.40195684  0.76510671]
[ 0.65625445  0.80147941]
[ 0.97014163  0.83720172]
[ 0.41482862  0.78990193]
[ 1.32724299  0.94211569]
[ 0.74270165  1.23036967]
[ 0.39220268  1.0716823 ]
[ 0.58681647  1.62580276]
[ 0.69692059  1.52977181]
[ 0.05959025  0.73631898]
[ 0.84672933  0.96369035]
[-0.22435957  0.85322153]
[-0.65662935 -0.98825421]
[-1.1605973  -1.46432728]
[-1.49241555 -0.29562899]
[-0.27724233 -1.40076422]
[-0.57645254 -0.61985773]
[-0.20102954 -1.14896446]
[-0.6213051  -0.92532506]
[-0.96134731 -0.82460543]
[-0.2395717  -1.00680547]
[-0.65307736 -0.63333865]
[-0.46918523 -0.226713  ]
[-0.72583925 -0.31957391]
[-0.74503802 -1.61806358]
[-0.79835666 -1.05255592]
[-0.59727124 -1.16688929]
[-0.63188791 -0.79042877]
[-0.54334711 -1.00510926]
[-1.10663293 -1.27856673]
[-1.0927633  -0.31036887]
[-0.46915903 -0.56941002]
[-0.0703921  -0.92559058]
[-0.66996906 -0.71440247]
[-0.60980889 -0.6349686 ]
[ 0.00292918 -1.44818904]
[-1.33704901 -1.10891222]
[-0.77599656 -0.99429971]
[-0.33685375 -0.86913674]
[-0.54797776 -1.07233115]
[-0.66639002 -0.81859357]
[-0.54214778 -0.46139822]
[-0.77612258 -0.8702114 ]
[ 1.11489884  0.73827658]
[ 1.95992873  0.71926842]
[ 0.84596394  0.73183952]
[ 1.12072326  0.3568785 ]
[ 1.28330556  0.97667425]
[ 1.10091171  0.78890608]
[ 1.00653132  0.72736997]
[ 0.85373252  0.91846382]
[ 1.1417713   0.81851677]
[ 0.58922368  0.88776349]
[ 1.70560745  1.43928193]
[ 0.60445891  0.2329684 ]
[ 1.5224661  0.6117826]
[ 0.77342424  0.4665167 ]
[ 1.45968316  1.82736009]
[ 2.01188875  0.83443732]
[ 0.94556572  0.86566307]
[ 1.07111208  0.59999708]
[ 0.45621088  0.42738875]
[ 1.64034699  0.55505214]
[ 1.00685381  1.0585888 ]
[ 1.65396223  1.0478389 ]
[ 0.71442691  0.81762926]
[ 0.18737271  0.72991338]
[ 1.08178029  1.43142794]
[ 1.32569527  0.38419561]
[ 0.20981571  1.0133763 ]
[ 1.2316671   0.64502802]
[ 0.69798755  1.1692727 ]
[ 1.02393337  0.71983208]
[ 1.72596391  0.65615668]
[ 1.41318043  0.31422155]
[ 1.00369091  0.8394823 ]
[ 0.8597441   1.19915116]
[ 0.5135019   1.16420365]
[ 0.44003577  1.21727809]
[ 1.61811011  0.8041099 ]
[ 0.98278728  0.55894245]
[ 1.39594699  0.88062739]
[ 1.34344811  0.65134061]
[ 1.94695921  0.83728536]
