[-0.16702217 -1.31071692]
[-0.62922345 -1.16593245]
[-0.34532786 -1.25919256]
[ 0.49866461 -1.31450467]
[ 0.56059608 -1.41897355]
[-0.29080319 -1.2959031 ]
[ 1.95952682 -1.12531915]
[ 1.34480848 -1.22472398]
[ 0.42070793 -1.37743907]
[ 0.35802883 -1.31576113]
[ 0.59517995 -1.32868614]
[-0.67223128 -1.19204479]
[-0.35293579 -1.12809077]
[-0.16702217 -0.84277163]
[ 0.67270703 -0.96352263]
[-0.40244831 -0.93488194]
[ 0.04053751 -0.785966  ]
[-0.35413306 -0.75912603]
[-1.06619261 -0.69849044]
[-1.5861842 -0.9241612]
[ 0.27533877 -0.86986234]
[ 1.00935224 -0.65697001]
[ 1.07836554 -0.90719838]
[ 0.75389832 -0.89747816]
[-0.10214467 -0.82695665]
[ 0.49612244 -0.69431668]
[ 2.71850489 -0.84295619]
[ 0.95070488 -0.81796149]
[ 1.9150433  -0.82083729]
[-0.08909069 -0.67890444]
[ 0.69216881 -0.83251097]
[-0.38791793 -0.81403162]
[ 3.07920141 -0.88448776]
[ 0.57602215 -0.66657161]
[-0.39465949 -0.84872054]
[ 0.36993906 -0.69425887]
[-0.24308505 -0.95795891]
[ 0.56891284 -0.8739423 ]
[-0.79911254 -0.83959938]
[-0.78756038 -0.67141367]
[ 2.03372632 -0.91119709]
[-0.16702217  1.02900953]
[ 1.09836381  1.07467543]
[-0.35708318  0.95965479]
[-0.71427442  0.8410871 ]
[-1.29087456  1.04593336]
[-1.70909337  1.07391271]
[ 0.29675942  0.98829902]
[-0.4155277   1.14910104]
[-0.03388951  1.03970335]
[ 0.88318634  1.07511531]
[ 0.07665497  1.06658953]
[-1.47612569  1.11287556]
[-0.49211825  1.2058621 ]
[ 0.44904019  1.07981848]
[-1.36855804  1.15888409]
[-0.73144716  1.14990356]
[-0.57157069  0.99083672]
[ 0.15904869  0.86588401]
[ 1.0827497   1.01930178]
[ 0.75345843  1.03209108]
[-1.2733778   0.92026688]
[-0.97873841  1.0528241 ]
[ 0.99645254  0.8755601 ]
[ 1.17931217  1.03281249]
[-0.73037732  0.85070503]
[-0.90153239  0.9545332 ]
[-1.15544298  0.87451503]
[ 0.31559154  0.99988004]
[-0.05518879  0.89835042]
[-0.80557711  0.96367444]
[ 0.82905473  1.01833875]
[-0.88865262  0.88149949]
[-1.60706947  0.93680523]
[-0.35036689  1.04460981]
[-0.70988569  1.05438993]
[-2.74603849  1.04490685]
[-0.78118793  0.93936716]
[-0.16096617  1.0770636 ]
[ 0.22135084  0.99570137]
