[ 0.15142853 -1.28391942]
[-0.59321453 -1.26697563]
[ 0.39844992 -1.35757186]
[ 0.60746466 -1.25876671]
[ 0.66174058 -1.38016575]
[-0.35584182 -1.35212245]
[ 0.3882645  -1.35560705]
[ 0.31525458 -1.28316676]
[ 1.45257654 -1.12992724]
[ 0.96196998 -1.38056042]
[-0.83815785 -1.25131286]
[-0.74141109 -1.25877436]
[-0.85794226 -1.29796087]
[ 0.15142853 -0.82846929]
[ 0.47018384 -0.66776626]
[-0.22429832 -0.8275413 ]
[ 1.35414961 -0.65772527]
[ 0.28396881 -0.99435148]
[-0.09586223 -0.95620251]
[-1.35800036 -0.76644745]
[ 0.10103026 -0.75550686]
[-1.47497623 -0.98948158]
[ 0.64028573 -0.67848281]
[-1.0090111  -0.87079145]
[ 1.55277096 -0.91036881]
[-1.37386545 -0.87855551]
[ 0.16463572 -0.86036328]
[-0.41032255 -0.96968799]
[-2.04306435 -0.83207038]
[-0.68359786 -0.95151345]
[ 0.6332487  -0.62096789]
[-0.12024075 -0.78071232]
[-1.32948764 -0.70741776]
[-0.48852672 -0.87887812]
[-0.65315325 -0.93850702]
[ 0.14501001 -0.97191671]
[ 1.3377619  -0.99708874]
[-0.33748749 -0.74606934]
[ 1.46430384 -0.78417573]
[ 0.27882276 -0.57668596]
[ 0.91015896 -0.72966482]
[ 0.0539424  -0.79940552]
[ 0.15142853  0.9933312 ]
[-0.66002389  0.95091875]
[-1.22929775  0.9478981 ]
[-1.36911494  0.92870889]
[-0.02653836  1.24167462]
[ 0.51880816  1.02385014]
[-0.81153892  1.04106681]
[ 0.18286292  0.94820006]
[ 1.58329944  0.90395708]
[ 1.00801048  1.17747823]
[-0.45631019  0.86192524]
[-0.34718221  0.99576774]
[-2.05052312  0.80608445]
[ 1.27554037  1.07520528]
[-0.10742971  1.107092  ]
[-0.05270382  1.06527531]
[-0.01823307  0.88534665]
[ 1.60287751  0.95918635]
[ 0.82107471  1.01303733]
[-0.25593854  1.01651221]
[-1.04742966  1.05167193]
[ 0.20913519  1.14070706]
[ 0.45311535  0.90197662]
[ 0.46061483  0.99271238]
[ 0.48486501  1.05612181]
[ 0.20562631  0.83686656]
[-0.22363527  0.95251285]
[-0.57037041  0.9883281 ]
[ 0.99518768  0.8765686 ]
[ 0.00590604  0.91613589]
[-0.53001187  1.01450072]
[ 1.43816576  0.97339716]
[ 1.36807311  0.89950424]
[-1.70927488  1.02311017]
[-0.59576321  0.98804001]
[ 3.9847381   0.94495818]
[ 0.49728277  1.05229417]
[-1.3614192   0.89681358]
[-0.68490801  1.07937504]
[-0.53842675  1.07975787]
[-2.09092793  1.17577761]
