[ 0.01041261 -1.08089426]
[-0.49158618 -1.06877378]
[ 0.23770389 -1.14557721]
[-1.02511825 -1.00842738]
[ 0.52538535 -1.14318464]
[-0.980676   -1.20485437]
[-0.91394405 -1.0218374 ]
[-0.10959441 -1.04011433]
[-3.02472345 -0.90672324]
[-0.8035473  -1.17107477]
[ 0.76272151 -1.17835411]
[-1.03851366 -1.15047791]
[ 0.1596024  -1.10289645]
[ 0.44295615 -1.01845122]
[ 0.10289806 -1.07764862]
[-0.10824601 -1.12103715]
[-0.1085011  -1.03850534]
[-0.38429227 -1.00760966]
[ 1.32401994 -1.07191861]
[ 0.01041261 -0.62545918]
[ 1.71658384 -0.7626655 ]
[-0.05375945 -0.46021449]
[ 0.46162003 -0.61798309]
[ 3.51732828 -0.61908587]
[-0.6990782  -0.85430887]
[ 0.45644666 -0.79087311]
[-0.07766715 -0.45100611]
[-0.86582351 -0.56143143]
[ 0.31277736 -0.66551151]
[ 0.17353614 -0.66953177]
[ 0.35983874 -0.64241614]
[-0.25137091 -0.6050424 ]
[ 1.79931526 -0.6760616 ]
[ 0.11841631 -0.56750137]
[ 0.13426391 -0.78422925]
[ 0.72721513 -0.68920138]
[-0.91702275 -0.54881985]
[-0.17524545 -0.70432453]
[ 0.06773788 -0.66604021]
[-0.82019397 -0.60442215]
[-0.77323858 -0.65730938]
[ 0.73038631 -0.66377233]
[ 1.11103211 -0.6738166 ]
[ 1.14250012 -0.41538633]
[ 0.76722216 -0.55134493]
[-1.73587951 -0.72763368]
[ 0.66855978 -0.64701338]
[ 1.42391152 -0.59578017]
[ 0.01041261  1.19628115]
[ 0.02094864  1.31190123]
[ 1.48505507  1.02374112]
[ 0.62493856  1.1527728 ]
[ 1.52021371  0.9292929 ]
[ 0.65270656  1.05769561]
[-1.46370234  1.4133545 ]
[-1.49950677  1.26912329]
[-0.12566892  0.99575836]
[-0.01894266  1.3223427 ]
[-1.41861665  1.16350636]
[ 0.38377327  1.22194752]
[ 0.05778389  1.20367722]
[-1.83728663  1.13944123]
[ 0.81119476  1.15049145]
[ 0.6214413   1.25316736]
[ 0.1266779   1.12305443]
[-2.0542238  1.2071654]
[ 0.03618711  1.14879602]
[ 0.33087157  1.36169882]
[-1.48175379  1.24826712]
[-0.93145907  1.23108528]
[-0.85064221  1.22019042]
[ 0.90992131  1.35207179]
[ 1.19721223  1.19403094]
[-0.25075669  1.08755653]
[ 0.24848448  1.15556127]
[ 1.51192581  1.12597925]
[-1.12394786  1.1470047 ]
[ 0.08228567  1.09047858]
[-0.61787035  1.22127736]
[ 0.01364551  1.10399342]
[-0.87808412  1.23384092]
