[ 0.06761223 -1.13274793]
[-1.24599691 -1.18689553]
[-0.16421511 -0.95759328]
[ 0.52645006 -1.14761644]
[ 0.66645592 -1.03764543]
[-1.69041064 -1.23077882]
[ 0.65196596 -1.1997362 ]
[ 1.09032705 -1.12500433]
[-0.31937052 -1.18009242]
[ 0.90312739 -1.14152829]
[-0.35401352 -1.19739171]
[-0.03632825 -1.26230193]
[-0.59211757 -1.00981139]
[ 0.61351419 -1.11380122]
[-1.45047482 -1.216334  ]
[-0.26820029 -0.98739486]
[-1.75359552 -1.08855218]
[-1.17286619 -1.22973797]
[ 0.06761223 -0.68140766]
[-1.13962893 -0.74611435]
[ 0.32944502 -0.70916801]
[ 1.438866   -0.68465955]
[-0.02429002 -0.77424857]
[ 0.18269231 -0.66574968]
[ 0.59276328 -0.73392551]
[ 1.10633265 -0.67876146]
[ 0.26350076 -0.69951334]
[-1.40100752 -0.73023404]
[ 0.97932005 -0.57509427]
[-0.00182486 -0.56814336]
[-0.58300186 -0.48035729]
[-1.34827824 -0.67660788]
[-2.11330945 -0.71458985]
[-0.59817698 -0.6126813 ]
[-0.3220652  -0.59749772]
[-0.58554384 -0.61312101]
[-1.13642888 -0.72303539]
[ 0.23275161 -0.78757579]
[-0.01335953 -0.6422814 ]
[ 0.76756274 -0.69924037]
[-0.39202728 -0.44087395]
[ 0.31561348 -0.63595436]
[ 1.99118105 -0.6494822 ]
[ 0.06761223  1.12395342]
[ 2.8322896   1.21964515]
[-0.81582181  1.19178446]
[ 0.92408759  0.99577504]
[-0.13137762  1.0798151 ]
[ 1.53574423  1.02175791]
[ 2.03807867  1.13031786]
[-1.05634167  1.10005756]
[ 1.21617849  1.13068781]
[ 1.07764102  1.19668853]
[-0.53840719  1.12426659]
[-0.57964848  1.16870288]
[ 0.65882423  1.08459971]
[ 1.54389913  1.11901878]
[-0.56101218  1.18167457]
[ 1.19882397  1.06995669]
[-0.22744042  1.11703498]
[ 1.3216841   1.20612204]
[ 0.01930628  1.09987588]
[ 0.40172943  1.15409377]
[-0.95193813  1.24356628]
[-0.14584026  1.03403055]
[-1.88071171  1.16142973]
[-1.52268498  1.0242878 ]
[-0.64273767  1.03751124]
[-0.81455771  1.17993526]
[-1.20510609  1.04663919]
[-0.45834648  1.15608863]
[ 1.22116823  1.14645674]
[-0.03358744  0.9740121 ]
[-0.039919    1.22886617]
[ 0.53333707  1.12260158]
[ 0.93451251  1.09402821]
