[-0.12242789 -1.21540595]
[ 0.32257182 -1.21163439]
[ 0.26085157 -1.3146561 ]
[ 1.17803078 -1.12934093]
[ 1.90657662 -1.16406287]
[-0.88508334 -1.14856736]
[-0.48473467 -1.22888171]
[ 0.91440874 -1.15767255]
[ 0.28742188 -1.31174105]
[-0.90410344 -1.18619787]
[ 0.81316379 -1.05400536]
[ 0.40064171 -1.24792087]
[ 0.17518815 -1.12467854]
[-0.77255956 -1.19360692]
[ 0.68811667 -1.15489372]
[-0.19746531 -1.28153228]
[ 0.44703617 -1.15624085]
[-2.13841853 -1.12171553]
[-0.12242789 -0.76518968]
[ 1.67104164 -0.70768916]
[ 1.49021926 -0.72886903]
[-0.56893003 -0.93810599]
[-1.76702046 -0.6528555 ]
[ 0.30521129 -0.71967086]
[-0.38561978 -0.66349481]
[ 0.68715535 -0.65323331]
[-0.40161798 -0.75737646]
[ 0.48162166 -0.74533304]
[-0.35629981 -1.00322645]
[ 0.79878583 -0.7708691 ]
[ 0.03889747 -0.63203911]
[-1.2498358 -0.8436294]
[ 0.73560167 -0.78520329]
[ 0.88432476 -0.7508252 ]
[ 0.03546121 -0.70597464]
[ 1.12630574 -0.60109002]
[-0.25372973 -0.6809276 ]
[ 0.56334053 -0.77776663]
[ 1.08063637 -0.59820405]
[ 1.23334591 -0.76270911]
[-0.28584507 -0.83820491]
[ 1.26118785 -0.98964919]
[ 0.19250262 -0.81140959]
[-0.12242789  1.0356754 ]
[-0.188368    1.02857508]
[-0.24349653  1.09785243]
[-1.376606    1.00545652]
[-2.40084216  1.03881981]
[-0.03767373  0.90715506]
[ 0.58070484  1.02624751]
[-0.96448479  0.91797662]
[-0.89517317  1.08737568]
[ 0.22699569  0.95354795]
[ 0.51071966  1.03835895]
[ 1.70134528  1.14770066]
[-0.83981478  1.08727523]
[-0.3260844  1.0452946]
[ 2.478421    1.15229842]
[-0.01015501  0.95486957]
[-2.46567311  0.90209393]
[-0.56811947  0.95936437]
[-0.30841918  0.97627525]
[ 1.86290222  1.1260183 ]
[ 0.27747738  1.06971822]
[-1.83616928  1.18304039]
[-1.1606891   1.09786316]
[-0.50251267  1.00149145]
[-1.87778809  1.00210698]
[-0.86029234  0.95577769]
[ 0.5382206   0.92618896]
[ 0.22861114  0.74484922]
[ 0.36634009  1.0598606 ]
[-1.83386067  1.10377227]
[ 0.4122592   1.07197817]
[ 0.14507461  1.09746964]
[-0.84597274  1.22097283]
[-0.19100818  1.02317709]
[ 0.81714737  1.04442958]
[ 1.39394991  0.97663748]
[-1.09460868  0.96813331]
[-0.04995111  1.12165563]
[ 0.37649431  1.12894693]
