[ 0.12137911 -1.16927671]
[ 0.8457672  -1.39590934]
[ 0.40865836 -1.12887368]
[-1.13791114 -1.21551661]
[ 0.66154201 -1.07204402]
[-0.6470658  -1.16045645]
[ 0.06414269 -1.19200443]
[-0.24241915 -1.20676139]
[ 0.50336149 -1.22482004]
[ 0.52608588 -1.17840052]
[-0.62794063 -1.2599945 ]
[-0.37695877 -1.18391509]
[ 0.60332936 -1.15738889]
[ 1.07513466 -1.29394924]
[ 0.12137911 -0.71646074]
[ 1.49175073 -0.50707254]
[-1.27398862 -0.68892708]
[ 0.66671574 -0.58127383]
[-0.21135352 -0.78723365]
[-1.10123535 -0.70331461]
[-1.20877226 -0.80129049]
[-0.90016876 -0.75794561]
[ 1.78293748 -0.7958667 ]
[-0.76334644 -0.62399884]
[-0.23340455 -0.79887766]
[ 1.30987343 -0.85821812]
[ 0.32844022 -0.70028368]
[ 0.97758525 -0.71831354]
[-2.02666619 -0.78951358]
[-1.57511939 -0.74862261]
[-0.19239869 -0.75550359]
[-1.34346415 -0.64751626]
[ 0.87337121 -0.7669869 ]
[ 2.35940241 -0.66836192]
[ 1.39055108 -0.59293926]
[-0.60977618 -0.75762656]
[-0.67471603 -0.79120021]
[ 0.36692868 -0.6114245 ]
[-1.28661374 -0.63848127]
[ 0.12137911  1.09480312]
[-0.25237612  0.99618741]
[-0.44318736  1.18087169]
[-1.39597398  1.14909914]
[-0.10850281  1.01027116]
[-0.16516541  1.16125217]
[ 1.0647323   1.06185946]
[-1.56136732  1.10858756]
[-1.19712948  1.1031653 ]
[ 1.22438616  0.96434083]
[ 0.91336758  0.91087607]
[ 1.54756004  1.12958843]
[ 0.33290319  1.02785558]
[-0.12956061  0.9893797 ]
[ 0.90759674  0.88795846]
[-1.08136235  1.11194931]
[ 0.23515256  1.09486725]
[ 0.39349876  1.0436426 ]
[-1.08735231  1.03264813]
[ 1.36209748  1.22388264]
[-1.15718709  1.07919832]
[ 0.50133789  0.96332118]
[ 1.86399229  1.07918294]
[ 0.74432045  1.18179699]
[-1.60409851  1.16027402]
[ 0.28066885  1.26219545]
[-0.00624605  1.07177682]
[-0.25981232  1.17233642]
[-2.26873786  1.01205763]
[ 0.40871129  1.28340126]
[ 0.03497621  0.94231155]
[ 0.736362    1.15562607]
