[ 0.23601847 -1.30282925]
[-0.01940109 -1.33711882]
[-0.02139315 -1.25146974]
[ 2.26634986 -1.13723065]
[ 0.39501979 -1.44003016]
[ 0.59651902 -1.23216594]
[ 0.17148966 -1.14705994]
[-0.5499508  -1.28378216]
[-1.42426278 -1.19745027]
[-1.91137037 -1.54528901]
[-0.11976036 -1.37451637]
[ 0.23601847 -0.84890527]
[-0.47639075 -0.86565286]
[ 0.51968933 -0.92728567]
[ 0.36025763 -0.81602416]
[-2.4714317  -0.87930222]
[ 0.32556485 -0.92230235]
[ 0.00508911 -0.80779818]
[-0.3746547  -0.89405086]
[ 0.47895791 -0.75227174]
[-0.88788657 -0.87506443]
[-1.13043475 -0.75052761]
[ 0.16723334 -0.95302603]
[ 0.56660711 -0.76231369]
[-0.83556474 -0.87102705]
[-0.24344595 -0.99239686]
[ 0.89501142 -0.87298216]
[ 0.218751  -0.8457489]
[ 1.50808365 -1.05226731]
[ 1.67446771 -0.69786198]
[-0.62875332 -0.82983717]
[-0.52264161 -0.79161342]
[-0.16619196 -0.8776832 ]
[-0.19944713 -0.88170886]
[ 0.23601847  0.96679067]
[ 0.34885393  0.74173906]
[ 0.68804558  1.05595509]
[ 1.23275773  0.99589092]
[-1.69234873  0.98279897]
[-0.92122808  0.99240471]
[ 1.79180842  0.95713471]
[ 1.30095956  0.98826107]
[-0.70038468  1.0185689 ]
[-1.36356955  1.02881414]
[-0.75604423  1.07268443]
[ 0.3206532   0.91810941]
[ 0.75922164  1.05438106]
[ 0.25519417  0.95009333]
[ 0.40945999  0.89569911]
[-0.6768578   0.87317542]
[ 0.93875163  1.04200176]
[ 0.85333108  0.90291691]
[ 1.23644062  0.96735167]
[-1.18535062  1.05927716]
[-0.6946463   0.84285672]
[-1.17074516  0.93876932]
[ 1.77119723  1.09073919]
[ 1.08745708  0.93517524]
[-1.79258528  0.93126789]
[ 0.02745376  0.99967707]
[ 0.1458334   0.99515351]
[ 0.25505396  1.02806708]
[-0.59881666  0.9437127 ]
[ 0.96427818  0.95149502]
[ 1.80358199  0.84758345]
[-0.14638283  1.1001244 ]
[-2.41103699  0.97446317]
[-0.13125157  1.00142306]
[-0.82324973  0.97203798]
