[-0.14730526 -1.27660075]
[ 0.84049851 -1.27794388]
[ 1.69164817 -1.37935569]
[-0.00778054 -1.3308879 ]
[-1.2359619  -1.14739963]
[ 0.54565371 -1.34751126]
[ 0.33848059 -1.13035343]
[-0.26427426 -1.21101635]
[ 0.90878828 -1.26063001]
[ 0.48741443 -1.33612776]
[-0.13924848 -1.29384368]
[-0.05888761 -1.22581056]
[ 0.73525998 -1.19284704]
[-0.14730526 -0.82180024]
[-0.79868557 -0.73973123]
[-0.41896455 -0.86823686]
[-1.35493244 -0.8777343 ]
[ 1.34309834 -0.81440665]
[ 0.0388911  -0.83494661]
[-0.77841022 -0.81648616]
[ -3.04091860e-04  -7.54322108e-01]
[ 0.37221832 -0.81335252]
[-0.86835399 -0.66851496]
[-0.62558807 -0.81267808]
[-0.78094666 -0.84116382]
[-0.44117135 -0.97581655]
[-0.31839349 -0.72415564]
[-1.13802265 -0.80384747]
[ 0.99742697 -0.92843013]
[ 1.26523918 -1.00933123]
[-0.08690614 -0.7409756 ]
[-0.53415335 -0.7132203 ]
[-1.35990463 -0.88568433]
[-0.25002865 -0.7253947 ]
[ 1.24002923 -0.67106801]
[ 0.54125149 -0.67844095]
[-0.14730526  0.9974018 ]
[-1.73356484  0.86172348]
[ 1.22930822  0.89585321]
[ 0.18156223  0.95462826]
[ 0.25303426  1.06800439]
[ 1.24075804  1.07563597]
[ 0.5207065   1.00492982]
[-0.49303299  1.07325568]
[ 1.52215827  0.92491846]
[-2.46770741  0.99089589]
[ 1.6680805   0.73926673]
[ 0.99078759  1.10724537]
[-0.46240227  1.10889935]
[-0.50937993  0.95103544]
[ 0.34060244  1.10397565]
[-1.04838056  1.09186673]
[-1.08181247  1.08497562]
[ 0.24653944  0.90897993]
[ 1.88943491  1.04916023]
[ 1.33434773  0.96331455]
[ 0.22551705  1.01017854]
[-0.70723822  1.05378856]
[ 1.44862042  1.05333338]
[ 0.37232913  0.94454379]
[ 1.70782756  1.13763915]
[ 0.8747699   1.04537673]
[ 0.89334959  0.97088624]
[-0.7772347   0.89140808]
[-1.03589375  1.04997581]
[-0.31269387  1.06933769]
[-1.16730574  0.91945906]
[-1.07659462  0.97579736]
[-3.05909569  0.93784229]
[-0.68425535  0.97452036]
[ 0.23379472  0.94001281]
