[ 0.04790002 -1.26261892]
[ 1.98708609 -1.23452127]
[ 0.29147733 -1.22614949]
[-1.50738646 -1.27638311]
[-0.9197595  -1.22126104]
[-0.18649666 -1.37264496]
[ 0.04812937 -1.13428773]
[ 0.01366089 -1.18348593]
[-0.45067762 -1.33057819]
[ 1.29192396 -1.34799102]
[ 0.07051728 -1.30929974]
[ 1.95003305 -1.19750011]
[ 1.95767065 -1.29087442]
[ 0.67265709 -1.41144621]
[ 0.04790002 -0.80547953]
[ 0.9544265  -0.74858759]
[ 0.8448052  -0.96504951]
[-1.29341984 -0.95888293]
[-0.70736386 -0.78392228]
[-0.81362161 -0.72432581]
[-0.30443811 -0.68308231]
[ 1.27716749 -0.75603543]
[-1.77884405 -0.74128093]
[-1.22483057 -0.79182003]
[ 0.67083769 -0.81731294]
[ 1.04792391 -0.85480279]
[ 1.87117567 -0.66392843]
[-0.30116685 -0.86908328]
[-1.3667583  -0.72244408]
[-0.77087177 -0.83642857]
[-0.00718028 -0.81014393]
[ 0.4126394  -0.92290297]
[-1.83774761 -0.69587488]
[ 0.07570367 -0.7234861 ]
[ 1.15567522 -0.72489366]
[-1.70296658 -0.71978956]
[ 0.82493664 -0.77710379]
[ 0.9554254  -0.72635889]
[-1.84651365 -0.78186369]
[ 0.14515703 -0.79939114]
[ 0.22477735 -0.95651244]
[-0.978173   -0.71580012]
[ 0.06924272 -0.7838771 ]
[-0.29126186 -0.75924505]
[ 0.51330588 -0.84555421]
[ 0.04790002  1.02307804]
[-1.32606904  1.07816865]
[-0.00890506  0.8963373 ]
[-0.4744094   1.17293993]
[ 0.59727198  1.02165997]
[ 0.46989036  1.07142398]
[ 0.06831874  1.08964313]
[ 1.2591053   0.97482345]
[-0.26425584  0.9634079 ]
[-0.02605185  1.04319349]
[-0.3737128   0.94417287]
[ 1.13146451  0.98802456]
[ 0.19737783  1.13412865]
[ 0.95267962  1.01813527]
[-0.19606768  1.00000427]
[-0.98435124  1.12319714]
[-1.48041946  1.06412443]
[-0.78032321  1.04955469]
[-1.16211921  1.06989878]
[ 0.80234106  0.88342027]
[-0.51087456  0.9405841 ]
[ 1.25609162  1.0505987 ]
[-0.04857782  1.07162373]
[ 0.041893    1.06075906]
[ 0.20428902  1.07790666]
[-0.62785655  1.03368073]
[ 0.09166785  0.93785377]
[ 0.02946786  0.97824253]
[ 0.68329924  1.06661921]
[-0.02588087  1.09011796]
[ 0.35162808  1.05497374]
[ 0.86229729  0.94802185]
[ 2.16491018  1.17064073]
[-0.82033408  1.14854023]
[-0.57484288  1.15153951]
[ 1.69958701  1.0272174 ]
[ 0.64932624  0.99976017]
[-2.45306263  0.95797468]
[-0.42411889  0.93094037]
[-2.23462906  1.03002401]
[ 0.10337792  0.9273502 ]
