[ 0.20759264 -1.30216497]
[ 1.29897389 -1.28093549]
[-0.94038203 -1.16344285]
[ 0.05166227 -1.30445186]
[-0.34163453 -1.2966406 ]
[-1.06325431 -1.34567877]
[-1.72118639 -1.1632944 ]
[ 0.43916914 -1.28733887]
[-1.60015688 -1.33757505]
[-0.14220735 -1.32691107]
[ 0.30794523 -1.3314203 ]
[-1.17107553 -1.44538782]
[ 0.37814144 -1.24704785]
[ 0.8332819  -1.22493774]
[ 1.57596141 -1.20923194]
[ 0.20759264 -0.8512849 ]
[ 1.09141601 -0.94970809]
[-0.03570087 -0.93113547]
[ 1.36700222 -0.75949071]
[-1.09740568 -0.88782454]
[ 1.24149056 -0.78181848]
[ 0.74799878 -0.7363566 ]
[-1.31693918 -0.88345808]
[-1.60831832 -0.77242664]
[-1.60506608 -0.95023132]
[ 0.43221114 -0.85815482]
[-0.67502928 -0.87036546]
[ 0.41267367 -0.68880738]
[-0.00572934 -0.81267743]
[ 0.42759346 -0.77512212]
[ 0.67813705 -0.95033333]
[-0.75734159 -0.81966032]
[-2.69255817 -0.77918671]
[-0.74614292 -0.77122867]
[ 1.33344563 -0.83726735]
[ 0.56752862 -0.91998616]
[-0.99519264 -0.90868192]
[-0.75685564 -0.88072192]
[ 0.4009564  -0.76205804]
[ 0.20759264  0.95223537]
[-0.66469576  1.02294828]
[-1.43886306  0.91477373]
[ 0.52765974  0.85184537]
[ 0.71582917  1.10203829]
[ 0.60588127  1.05976125]
[-0.38386823  1.03431387]
[ 1.062642    0.97430624]
[ 1.66940539  1.05508305]
[-0.79797861  0.96718801]
[-0.104104    1.05960399]
[ 0.2369353   0.94797589]
[-0.99502896  0.86983222]
[-2.51207798  1.03676561]
[ 0.0833812   0.92660093]
[-0.92285721  1.01491468]
[-0.37456136  0.89339988]
[ 0.7751325   0.83551091]
[-0.03685668  0.92996321]
[ 0.35422727  1.03189942]
[ 0.93336973  1.07492373]
[ 0.95235393  0.90465628]
[-1.72901612  1.1725767 ]
[ 0.57597035  1.03982012]
[ 0.05504859  0.86491055]
[ 0.32630103  0.99672461]
[ 0.73634591  0.95425451]
[-0.8742495   0.88421368]
[ 0.49472619  0.89317807]
[ 0.79643881  1.034741  ]
[ 2.84769633  0.84139572]
[ 1.25488197  0.98048652]
[-0.46229126  0.89241884]
[-0.35528543  1.00674544]
[ 1.40674225  1.02278928]
[ 0.77011353  0.94684729]
[-1.0237369  0.8799066]
[ 0.07042044  0.80172929]
[ 0.26266412  0.92469641]
[ 0.10439439  0.87560246]
[ 0.12071965  0.93086873]
