[ 0.18315323  0.25361138]
[-1.18256404 -1.6789891 ]
[ 1.37339322 -1.80756792]
[-1.15658171 -0.42775319]
[ 2.14884845  0.76665678]
[-0.51636375 -0.03037856]
[-0.6496139   0.10378987]
[ 0.69522375 -0.04754931]
[-0.23666778 -0.35791521]
[ 1.39275491  1.76769542]
[ 0.41465668  1.7419568 ]
[ 0.26663963  1.04352507]
[-0.19868512 -0.13550747]
[-0.07861323  0.13236013]
[-1.04443971 -2.019571  ]
[-0.92384827 -1.37135856]
[-0.91507746 -0.37603286]
[ 1.69896355  1.07213633]
[-0.87661497 -0.14251832]
[-0.3749721   0.87642253]
[-1.40429779  0.50652855]
[ 1.41478195 -0.37686925]
[ 0.31527544  0.89053678]
[-1.05590161 -1.0128582 ]
[ 0.71055062  0.6296493 ]
