[-0.04294884  0.35562409]
[ 0.44958822 -0.38192447]
[-0.15616733 -0.18824289]
[-1.08031511  0.32998585]
[ 1.01635673 -0.07347495]
[-1.58458474  0.04270149]
[ 0.39843349  0.1100038 ]
[ 1.49607625  0.89886688]
[ 0.93719081  0.22374306]
[ 1.30641986 -0.42096037]
[-0.08929555 -0.81744528]
[-0.44542931 -0.50392846]
[-0.79344201  0.42372993]
[ 1.69294432 -3.20834272]
[-1.12963078  0.35012198]
[ 0.53286798 -0.92497206]
[-1.76936226  0.78830047]
[ 0.42666981 -0.43987348]
[ 0.48436176  2.40957679]
[-0.15088506  0.45149644]
[-1.49884823  0.5750139 ]
