[ 0.21419158 -0.04396528]
[ 1.11507124 -1.00705438]
[ 0.18452764  1.20062744]
[-1.35163141  0.18804645]
[ 1.19165982 -1.2093634 ]
[ 0.15131193  0.87303238]
[-0.42539309 -0.98325222]
[-0.03846094  1.23892506]
[ 0.51365788 -0.68044283]
[-0.67321443 -1.91354207]
[ 1.19207851 -0.59211657]
[ 1.1798237  -0.92913877]
[-0.53215632  1.81120038]
[-0.6184087   0.62038195]
[-1.05456018 -0.67968249]
[ 1.16090775 -0.18260321]
[ 0.05647171  0.2536546 ]
[ 1.52322784 -1.02657268]
[-0.69541636  0.92765553]
[-2.184974    1.76755123]
[ 0.73908019  0.09289624]
[ 0.3109678   0.29624992]
[ 0.12207926 -1.03148258]
[-2.08084143  1.00899531]
