[-0.05841311  0.0326497 ]
[ 1.68988071 -0.80541862]
[-1.05411948  1.10801905]
[ 0.97730762 -0.52786524]
[-1.65901482 -1.6204202 ]
[-0.89760435 -1.99847243]
[ 0.42132974  0.5046385 ]
[ 1.81811396 -0.59444337]
[ 0.77178462 -1.53369757]
[ 0.32102685 -0.41635597]
[-0.06602043  0.08306791]
[-1.30848401 -0.236638  ]
[ 1.37421254  0.23043948]
[-0.9297572   0.26198171]
[-0.93072499 -0.0289689 ]
[-0.84181996 -0.06354388]
[  9.94865599e-04   1.38700510e+00]
[ 1.02872845  1.25150761]
[-0.23895941  1.55727682]
[-0.41846159  1.40923831]
