[-0.11113726  0.39094065]
[-0.29766315 -0.55747679]
[-1.26219465  0.50476451]
[-0.25726227  1.50314445]
[ 1.1178225   0.01974945]
[-0.12878417 -0.31882055]
[ 0.58778666  0.73263335]
[ 0.52598438 -0.71688357]
[-1.49877789 -1.04561849]
[ 0.05292213 -1.60499521]
[ 0.41053682 -0.6702353 ]
[-0.88812684 -0.92657462]
[-1.29291091 -0.24192411]
[ 1.71255426 -0.91219832]
[ 0.99908456  2.36191728]
[ 1.45261122  0.96622576]
[-1.89613676 -0.18800408]
[ 0.96362605  0.48435202]
[ 1.25603626 -0.40122458]
[-0.0237251   1.92237145]
[ 0.22184609 -0.23517185]
[-1.12622909  1.23833694]
[ 1.39869229 -0.16680458]
[-0.58400222  0.48407573]
[-1.30945228 -1.50253285]
[-0.02310064 -1.12004667]
